237.54255956580593,60.76214517164386
241.46673597958474,56.21699907254337
238.65665220599107,65.45770410111074
236.31062389998004,70.49740199553952
237.6544507220139,72.79424206418147
239.14480000744453,81.56912309141178
238.2535782645031,81.44476633736953
238.99372405829124,87.7846109519486
238.96835580394202,95.01186478085776
241.11269318449843,95.65718391519074
239.10518604111547,98.41677516041486
241.64987479414424,105.86272985908592
239.14199682970812,109.2194025905654
240.37332545133575,111.4076224958527
239.41230730631838,116.43319692726911
240.98925269017514,118.0120841499502
238.9341576911934,125.13689446231068
240.1400461493223,130.0757539763763
242.1881126537407,131.43853442441065
243.7473595630242,137.61671597375147