238.1471766290838,63.711015437682725
240.87723793661684,60.39112791247665
241.47196121337615,67.92978426234914
237.32227405825674,71.10281463171282
240.2921204310009,75.28284549120005
239.9523222775666,80.85673738160024
234.30934815197713,81.47310243595992
240.6215911128343,88.062782339515
242.208572668756,92.26628882308276
242.2444839137864,94.13811238895343
237.41633256305735,101.56404103559784
237.6786213076918,104.40307607835277
241.96727300001433,108.92678416460384
239.77055176215794,114.10303980040268
241.47084828959515,117.58437634842018
241.28817402025967,118.30789416784314
243.97664156994546,123.14559254760223
237.62470066689252,124.89915768971449
244.67891725110866,129.3061738127378
237.46129184861792,135.07706226434053