238.52565535909298,58.5872013595786
240.77321032035854,59.04551862505005
242.34262994079424,65.00599682062831
240.16269559901093,69.83120076858057
240.041833823331,73.47801936656836
242.08460774324368,77.3990159031764
239.5452033789745,85.86016660828115
242.53779989251447,86.95196433495752
238.82827728746145,88.94251804396534
238.08486079321062,99.91654247892102
237.88912491294644,101.84501885477347
241.80819324978646,106.76443198210663
239.4900540042628,109.63381210934104
240.18545746323306,109.3981596083981
243.07676385173647,116.13476632852047
241.54074021707794,116.12911887273549
242.49270746083948,123.1741041521645
242.153504972724,126.98601182154388
237.50102472631204,133.71181520028153
237.77193185477813,133.71998624465908