240.70513598972445,60.221335582195714
241.06264652556897,61.95029324713258
243.23755578707667,65.97266644726041
241.2598009511115,71.90138818387115
238.23138460468996,76.79071264566927
239.33665333936284,77.19024704923737
242.78369107709014,85.39313734781331
236.39596904250132,86.83821397478219
239.7987547995326,93.4272901796895
243.44058222442953,100.30084329821977
236.70243212728593,92.70744119785813
238.24706233839441,104.10976110027649
241.40579998200354,109.13456605013744
237.3368213685109,111.84229197838513
237.84938476921107,115.67741426669174
236.8453810768489,121.48048123206175
237.84936503378998,126.27857813160267
242.05681133978828,131.45915687775084
236.648894859026,132.67403093596275
240.42266807783548,136.2413479385412