240.24145310564475,61.132893807526166
241.03953460011073,60.285821400737596
241.2115868602007,69.12546419567741
242.94225323651082,74.07274355874542
243.48296604034527,78.75111897832795
240.39010473435405,83.41523132292733
236.83640908754336,84.95025156678533
241.8764008966465,87.09182667485446
238.61456849535,92.47305434137125
239.73624328336405,95.47572992616239
237.31956465802693,99.86962183219079
240.04341570972497,104.39511425049365
239.51063024279262,110.24579764635907
237.58443799779909,112.04935919878062
238.77816437259756,117.0184501251706
241.76277072211073,119.26491336594131
238.79530781137137,126.31383022814113
242.9224954489113,126.39112135869571
241.96200465130428,127.91458142883263
242.78959062260964,140.5990396467166