240.87656251494835,60.14504659721587
238.9652243046896,56.22705414067435
239.91711507581476,71.7160161184581
237.8071110991618,70.23261880247323
237.30353003975634,74.25241198241994
241.34849560035894,79.38192122292249
239.73875502528728,85.62892750038162
240.07973288216832,86.9030729974692
239.42602037189874,93.24570760150564
238.98810611559213,95.79899823733314
241.3601581632153,102.92676911648795
236.8024363017983,102.76104318944024
238.45673813089908,105.54628782573653
243.37380647580846,115.20325284176405
241.02766132956816,120.09824324417362
236.07657200120386,121.7251843481218
242.42864341476854,124.97638257741548
239.37578062933318,128.03619801104261
242.00132723699323,131.2018613174607
240.50018015138696,140.5606483515276