241.46335095736666,60.02203288053448
241.92482593884512,55.049869331415934
237.41665816863974,70.68220987340116
241.32346716156513,69.72385361489636
240.19906468193935,81.18420664416251
239.98148652569103,80.37124107928226
240.13056229073135,87.15059676973235
240.53401066274282,88.0332944088517
240.59261251261174,92.8598718967078
237.94646409679015,99.8595930487132
239.83829421600123,99.31670891925337
239.0406687416484,101.24095650109697
240.68004090385602,106.16802187142173
243.28159208705134,108.38196922725254
238.72642147271858,117.79451986905556
237.3040325253616,119.26034274787926
238.83483718574112,123.61198319642358
239.40036146165022,128.21805148018436
240.713803163855,127.90647741298274
240.07519464731993,135.445669298389