240.39147815066778,60.160676490814765
238.80538785643037,59.91682947531302
238.79438252388428,67.76032711537367
242.10563182669043,69.48446210155558
243.33977495921968,78.75137544462244
235.68844578636626,78.68371970434065
240.76339722993208,83.92178129838881
236.34680649500746,83.87466658143468
241.4054528046904,93.29515377403767
241.45977143513358,98.05691753111377
241.2069593948677,99.86186004865984
239.18936972846214,104.33716354050358
241.83857168593553,106.79906022934058
240.78722632234263,112.331681669774
238.92846023330281,117.662499322907
242.89440254002133,120.19271241766381
242.69158519510347,123.39254379504966
238.09641940561556,126.16207655031388
240.31327913505007,130.64954885686134
244.08866576144496,136.85834386369515