240.08202854608754,64.3650104087755
239.762082650169,60.52094517942441
241.1122338062516,67.36444969003624
239.6776751213956,68.77350750048235
237.5914236202832,75.37660260653237
238.86510980558475,78.38243067964159
240.23205087989984,84.23069937151897
240.27578610507243,86.1067030980979
242.11015419238464,93.08393719725332
238.33965461953375,97.29084736687628
239.79230573635294,98.87869805964819
240.50842110476313,101.06248304350868
240.7868135655577,103.80712559909105
239.2936923019131,114.38916595410397
242.19212227532017,113.75448439538759
240.2607231482126,118.90859288010927
243.8477443237979,126.0874047645298
242.15433375173768,130.85956349718856
244.38318102402462,133.72879486580655
239.32742522963102,133.91373789604452