241.37200083707646,62.69903637218039
238.12823483016658,61.727606264575726
238.3974708223748,70.92966971069063
242.050435288569,74.02309333262419
238.97606135143005,73.57117292220447
242.38466604225044,78.6155571027062
238.42090973624317,86.88754682674065
239.8754466278533,85.598777798698
242.56194540445404,92.28922701374582
236.1884033289667,101.62140126276067
240.66566669065807,102.25083627001233
239.15640517323678,106.21027947660949
240.40976021734102,106.79948033802077
238.20570472359034,111.87319514986685
241.87369558720596,115.17407329581974
241.03750123201837,116.90547679538113
239.66909515670218,128.91872944619075
237.57168415319654,129.46351051142
239.99023811814888,131.25960634958176
241.0332109557171,133.46866295145912