241.48520545744063,61.7437755404453
241.6129588574071,61.15826980343271
241.71285502233795,66.39818256909754
241.36976853196592,74.29248572616413
239.28055124711153,75.84545963978181
241.74734225377316,80.30931031855087
237.02691832891523,88.97977531552833
240.04909635805984,87.27286634450883
239.22273037688893,92.05791977143986
237.4481086620347,97.88681939681199
239.68592856130297,99.69755108544172
237.0826381507634,106.554749190538
244.64744756873796,108.5042808760556
240.50526658580614,113.89371000043965
242.48231207257086,116.29103260492242
238.4099822568392,120.74915649933584
238.53474310183358,126.72064180206024
240.31014281540496,124.78280394158342
239.74948055050072,133.19134821340987
243.983004656409,134.56059003327888