243.3731916962563,54.94423821078373
240.21604310925156,59.4599394092827
240.76995181810034,65.55800502225888
239.5946233527512,71.3958819711434
242.00318935536845,74.7390540638544
242.2004885045523,81.54578112342872
236.3020763574957,84.27265999961341
240.57092952368288,87.80910576567197
241.20848107711285,90.30615204922299
241.54931142309857,97.41571913845846
240.2574769279405,98.88874701709896
238.72812339986544,110.88501485968237
242.83349013776697,106.93111120982644
239.3162929767265,110.1582995311329
238.22119208444096,116.27515114041911
241.19608375643276,118.62357822615279
240.10957587686545,122.08716571378541
240.65232492024606,131.19255025600057
237.82671740847297,133.53250700043498
239.66535919583035,133.00697616020003