240.31050440708768,56.06288779646674
241.15201700332702,56.238598366777815
238.87600414022805,64.31093368938186
238.42271826783278,72.01500912659175
240.53753293831514,76.69727294790458
240.91488601699913,81.73728964522572
239.819061148352,87.17352323869954
239.34322932209693,87.27513585700794
239.66872179396665,93.59471820495276
240.15770445087466,95.3762773412915
242.87622432145415,102.50569997183196
235.41455185202076,100.97794844638007
237.47021992601594,108.31910780870754
239.12862160340364,112.69677393093414
241.07196803537482,114.22426076138717
238.84075244724755,121.43747505602038
239.0973089023713,126.41168652290162
242.38151547781982,126.88543317820894
242.97335498380832,129.40986419524634
239.6628968587047,136.75785726252226