236.62054680853842,58.3930460120437
236.6477764895926,59.61532761036933
238.69662705436278,71.06982039758407
240.90813053019352,72.47251421636896
236.4988815813726,76.17102336481543
237.23583308837874,80.24256880150335
240.82616633368696,80.83518238816208
236.10091890389168,86.1431830960633
239.99590875862148,94.03028954502727
238.8684327970047,93.84760043122752
234.25225578409612,100.21286823583313
242.35614421570656,102.72280387937688
240.13189922959955,110.53625492032585
239.54536192894633,110.49900223464202
239.41525376480067,112.97922858211388
239.64803257834262,118.99984710227275
238.8112742519237,122.00934554059323
238.09030582927915,131.22314049280925
239.6623723216262,129.48292725319854
234.75021395061736,134.1554780294762