239.22700076518657,57.783757868560095
237.1289984531337,60.86817672805087
236.62127052334895,68.4002343346202
240.8318422437656,72.47128704189592
240.36052790110932,77.85071882244891
238.67146826346882,79.37274439003873
240.84413699621055,80.81596217141215
239.3915040047515,87.5172204381498
236.345942806259,93.1709505856408
240.49764539724552,98.48428610273992
240.8998233828629,101.58517723532746
237.60705651522895,102.22526045198941
239.66179846676474,107.01116981187324
237.6468878932015,110.5900007386229
238.227351974934,118.02161418627685
239.0551642864335,122.96900840669889
240.8680371423171,124.62033700367446
241.53802143313655,130.1766194001733
239.75979338022626,132.53729489182345
239.96561256741427,138.9804767769469