239.56348176713075,57.49226636453596
240.2541659735564,60.40677184407653
240.10487372253576,67.29863197223521
236.10801233312023,70.99188077205525
243.51292072140888,78.81911440351693
242.71018460836032,83.26547641813004
239.96559837985745,84.3998009347987
240.1855533305509,87.94178853110655
238.4553551213006,89.49313855723419
239.9313760207708,97.04277902346637
242.26463997335995,99.7206410389667
243.1624418516224,103.27480117570659
238.83139230899073,107.5551793282025
240.63224983292977,114.22491222082272
237.61662942456334,114.27311227577049
237.1715137713778,122.43025808225686
239.81835149725882,124.91428594624416
238.1864239519691,128.80341904003208
243.0467035096128,130.02401192300022
242.1273215793982,136.47391310209136