238.02258140628754,58.328506782305745
239.2511192092877,60.229805866777696
238.3977697450197,68.42209445722453
239.6057754185844,69.55925996682848
240.63972220424614,77.6084767900963
239.06728099101295,78.86158803539806
237.426828152599,83.23954392373136
238.19035690286634,88.60329366033903
240.72872172246514,92.68687358750192
237.85836549804037,96.05088910211475
239.47359873065105,99.92984471256437
236.0180889450314,105.75028739393225
238.71591623899576,109.53339775558678
238.66727396552966,114.00024644007644
239.702283027366,118.18663985015066
244.07132483597894,118.65993986492488
242.54602633359062,125.3453076151979
239.7237345337826,126.09850136778847
242.62720688507403,132.54128043905374
244.6212149854945,135.41905441079453