240.16167048507398,55.50130463590722
240.13936786619482,59.6068962931629
240.13579667733032,69.58352165851203
239.4622844878214,72.96390651376065
239.24221370412417,78.75034992651258
242.77809273081155,76.37661974244413
237.86034849686806,86.93590941964777
242.52326942954804,85.34181656193924
239.4454424129146,91.27482973371701
243.09076292164127,97.53323486377543
238.83608268755987,101.94382120417932
243.06523005478365,108.067495093552
242.88384259648737,107.52875847030957
241.18515905896146,113.42217053430863
240.8029119775434,118.87345575219032
238.2403218739128,119.34982905916557
241.14691183785646,127.82704358103584
241.1543516167318,126.15602287971264
237.9550612447204,131.5273650948459
243.36408340529732,136.1581240880934