239.32628675376282,59.263685432742626
238.53482242505564,61.62315289356356
240.43467052617905,69.27955284224534
236.58428544202144,68.80295766720718
241.50485416466518,75.77965681013208
240.93851440813978,81.54156346127282
237.12088521970935,83.73176438321664
242.52499130537086,90.23143184030718
241.9293924081194,94.46608463856113
240.58666975402235,95.29187501504516
237.30508798542456,99.33663619961621
240.6659450614764,102.56265780839234
239.83124724697723,108.64595119756702
241.26182554269664,115.03401592562821
242.49295265801737,114.61067543640753
239.26166845192293,123.60280040189625
240.7968212550757,126.7424632926358
239.44966390827733,129.18382252552124
242.3367329027198,134.61483856839843
243.62582403643341,136.30394715806943