239.0917753490422,57.75495266886447
242.72803697455458,59.20952614664519
239.74685691033363,65.93525299606311
243.7555801251408,71.95506960370722
239.18552258124325,74.07196259140329
242.3167265042345,78.53432966792128
240.29910546190476,88.78775094145774
238.90655209356694,89.42549568553756
238.58565251007008,94.62535146078014
240.2867375206153,94.19415897048596
243.64765692318878,101.36154547156103
242.90033405222974,103.77198347102029
237.9910799368286,106.91783260146566
238.33914815965818,108.67308499798064
240.76407159843447,117.56855782734971
238.30666337963476,121.22049476382618
242.25974562261808,127.64436082891774
243.0193178277529,126.67809971530193
238.62600697050044,131.98405568181943
240.23806053725067,136.83452868750334