238.4415982772976,56.049727679353744
238.75164128517304,60.323578394525825
242.93724580245663,64.90022330487658
236.17290852945743,72.62044307644706
238.5516439177928,76.00138376028514
243.18065914057902,79.46069706079423
240.65138573382177,85.44300289628235
241.24380814254198,89.04474294777076
240.218351939519,90.30967167887069
239.86740092007398,95.26231418099458
238.42321039195448,97.49245854971191
241.12996324778882,104.43904428837918
238.09572529188006,107.411447458509
239.23943320885843,111.2143819192346
243.44754343865958,115.36750127913001
237.661652368053,118.88297404016322
239.71081997552557,118.90019380346638
240.3538789133527,126.54563084976921
241.19681602879575,130.21883836220903
241.61732940686636,135.1172227749771