241.31568480371092,59.50581643586424
238.64564995626725,59.436920118117115
240.01303204196813,65.19259929996474
239.60510412863087,72.67635821362776
240.5975647002784,76.06487605177121
240.701427530593,81.20886819978212
236.04565623392128,86.69268536772563
236.86166344419735,86.3972634493553
241.49872847355113,94.16726293478004
245.17174539844274,95.55391973136041
241.34300731347042,98.84147230334132
238.3538571977179,105.6951614357318
239.1558506238413,109.82702737620139
239.7574891875643,108.40535252132074
237.0161685999967,114.43511029971512
241.7164508233832,123.09166901641159
242.7552604199238,123.78857670713832
240.69635588348575,128.9569783748059
239.66665028170345,134.04596890786706
243.6760865938569,135.50216326219902