238.41115264266227,57.15775559471965
241.09658429362082,58.60900909844361
242.42708732482393,65.89331560708555
242.47727528234526,73.4673142063706
243.53233985551864,74.4976261628682
240.75635157982043,78.89706072548853
241.0459872223427,84.74020889136386
237.8490899195913,89.94887664345781
242.03077547728768,89.5673376062905
238.78293242961982,100.411383795356
240.50946205485013,101.87169567308857
239.49022122250332,106.15571973818109
241.07499954898017,107.26488048809726
243.51692918192404,113.59980283805328
240.0469416059924,116.05530956251924
236.03029017092865,121.11501940139648
241.63493332530248,123.66133864752122
239.6985075923318,125.52451348582156
240.0512608001414,133.83180333515955
240.29596643603708,138.6592416115135