236.50398766132534,59.33156868173487
241.33495449475845,60.26625621547314
243.41535090846457,72.59654466900082
236.85923028398736,71.90699396234263
237.21712542254215,74.50916186555818
240.05346660511876,79.31925636315445
236.42101024852636,85.13591902705474
237.84936843540072,89.56875158242292
236.98736332046477,89.22879411741262
241.76491115160368,96.08013942100267
237.15137034232663,100.49060676128452
241.67337849414545,106.86937733121957
240.59610833918612,107.69063960779089
240.13169611978748,107.71875046775885
238.66876796568346,117.71086104286836
242.21074138369104,120.66987896416103
243.3181158957418,122.64512716875923
239.29216112233973,128.3352360268338
238.90914711229138,131.9836409661122
241.03479267080007,139.94374129700907