240.92107810569013,60.44178997119206
239.886625985343,61.28697589100495
240.55513535389926,68.75052498464609
238.38933547215495,68.62116371286778
239.83019904733467,79.30533975191356
242.66768165797214,75.21834422221052
244.8552750960819,84.2242284040338
237.2818801192543,85.54489166309007
241.56667312559875,94.45029315059763
235.67885103586238,98.09868100213146
239.85980272389028,100.42756329625945
242.03486138565947,104.97546364682088
243.27646034338915,107.531811309451
236.85147398099951,111.54446588569284
237.42126315314948,116.50724815289456
240.93570216457732,118.06344407897885
239.20538747662746,129.88087949128462
238.49937479478066,128.572270288328
235.82396873247308,136.20856509018768
243.41782210863795,136.09763685846534