241.84989164690242,58.095267017709325
237.8701615786185,59.09832580421777
238.78109590616597,66.5894298359344
240.61819099675466,73.13670789901649
241.3806345991568,73.51610529455367
240.2021384037295,80.99386169361742
243.0371198171248,81.06109987750992
241.25488492693202,86.93054605525504
240.73101013691212,92.11712336814436
243.59014287435642,97.27617234704533
241.94402246003153,96.93193424213025
238.2214589659262,105.53985962985857
235.35129578903377,105.34541350388969
242.0592973964242,114.28936208299233
238.58340388547222,112.53215770309127
244.90544192170307,119.80519306785155
238.00755233460822,124.90092322157766
237.05103850169084,125.89155378062425
240.84013265513045,132.14231334548657
241.4848794259251,138.75865453031577