241.9396955538711,61.5661454307725
243.1619168775923,56.95484955655583
240.74120046207756,65.11238880377206
242.23780367615922,71.25246909478967
239.05237969381733,75.92054420610523
239.67596798876963,77.34018379376539
242.6366543031279,82.2899401808384
240.18083930713556,85.2979042576596
238.16382959728614,90.08198435098573
240.59076139315056,96.02952776450164
242.06309225414788,99.72705278151766
238.64989986934833,106.48269393016427
236.02842087686463,108.69705657280294
242.00430096535516,114.98889250980665
236.29881263948946,116.91327752988033
236.74645834068622,120.47740717938746
237.7752248261175,123.36320489274665
239.88565558946377,126.97813458051198
244.20268352341068,132.70675614568128
238.49059592515084,137.86589708865966