239.74842064372638,65.56721280192586
239.28890795617764,57.124153577150494
239.58346901189864,67.83290530500778
236.16951147943308,76.37906427651723
239.09065958595545,77.68712514809702
241.68605638042126,78.91559713806289
241.1022114050799,84.03617601905624
239.2532950056602,91.14911189842074
241.60636650593833,91.91582238818887
241.21240022114662,96.5805231234908
242.32080728519398,102.27413505502781
239.26947294265005,105.29568405678758
240.44316524135633,107.67925564319633
239.79722831003576,113.04677093307419
239.1596339274088,116.02270478030984
243.0336342734495,120.33983920309231
238.83057196162642,125.21133019198248
239.8005714595275,129.51160077927287
238.78237381368095,132.26202869835365
239.75051412967204,137.6292598363208