245.60974823481922,58.21650528929727
241.23308528001144,62.25691194008906
237.32631456297892,69.84134675576473
242.06494408350858,72.51066105868489
237.40659674052554,74.90367050523261
242.46839440410727,77.77761376387863
241.41172757334627,84.50133327347525
239.33393821164236,87.32061849553256
243.00095641879395,93.07181118289238
240.6520311982106,97.28131705406119
236.83282309987865,99.7386990915833
239.94194711809186,102.26446319818207
238.8080350257715,107.05780285113107
240.8548219313477,115.70980605333723
241.16325259585037,115.15909669272979
241.75878962306655,122.699260028881
235.25396381103255,123.90816758298418
235.50774575561348,124.56496097365728
240.99773800295782,129.918372064143
239.32152813837723,133.93979697759187