239.82254495900406,62.75076975627943
240.87938217344472,57.15838336823686
240.40809265284958,68.27653089474245
242.43387289643042,70.55284199106094
238.12314989359743,78.77898834317776
241.44655316627964,81.25222035054293
241.71833537682377,81.85633325276355
240.08393621694563,90.09115945711898
237.95537874641045,91.0739949784521
237.74145066083724,91.47971819424964
237.75537099165257,105.19942594561881
241.14190277225458,98.4158752668996
241.33542040601708,107.09096868652837
240.67381398184202,111.90456882144481
237.74700058210814,115.50986515273306
241.8738367337969,120.56931189105309
240.30134167276273,121.42856746794908
238.77154932069604,128.02337553059675
239.7163659114468,137.00590810902602
237.95671855350437,133.0634260786043