238.00375881941267,62.72262623123634
238.282276121433,58.42998465417702
242.05132749225066,65.69059870186967
239.2469128065528,69.08019942850218
237.91159453257202,74.0870108965489
239.07986476962168,78.32423239129454
240.41249332105193,87.04475791861937
242.7187529622776,88.63124477201882
242.43385008702492,93.3817540627407
235.71497208526293,98.70377059442858
240.02961251315028,99.80716563993009
240.29350336214395,104.84265191451918
239.3506047344643,111.14380687656555
236.82640405254517,107.91366170586934
241.8839252788519,115.73507828685379
242.1046628911413,121.69772724376335
235.71218871143103,126.14260773735411
240.350823505172,129.32647579644626
243.48473604983067,134.69566620439127
241.43597953762855,134.25079443660712