348.0651354621441,100.24876475183557
339.6958177978079,102.30625909682355
330.76479812133664,97.90851159977288
320.9444291835823,97.56734714462
306.76274590081033,98.96349322554605
302.07012850695935,101.75857771545131
289.39470346686664,98.53550968177139
279.8879189945625,100.00901492847842
270.5160926753951,99.53521876205447
257.71324172163423,102.02684226835599
248.8021691154267,102.22992954641828
238.1426837460676,100.15375436292204
229.923679923929,97.20855717499641
218.47545081358305,98.48046126838169
211.8194915632488,99.60518793020559
200.98563375109225,103.23337464979048
191.01377681993503,95.28281938676207
183.066185239171,98.7207248669109
168.05824274234408,100.85507596546579
157.79066387513154,98.41661676280451