348.4822557878055,97.45075685879407
336.75805449879545,98.68884514822167
336.7145278062418,103.35456776427706
322.466302287672,97.31151105192464
310.5502447631814,100.011516369022
298.29609979053834,102.05801409940197
290.75637977120834,101.1993391519862
280.47384273232205,101.92173438527894
267.2486097504519,101.23640456619648
260.556741222717,103.00904945011166
251.62683699994327,100.66086721907415
240.3623053680239,98.73897063423678
232.17549406749075,99.87849287675482
221.7716879143364,100.83651310240388
212.3521640052986,102.13364297081147
197.69462060070907,100.24830797223092
190.11091537648264,98.07232637952575
180.49416636518947,101.62183351864388
167.9874175681643,100.46681806148462
158.5992589577866,96.94909111705458