347.2683735536779,100.80798957423637
339.9840334004548,97.80386415214024
327.4400753960732,98.40639528690076
319.6049708421266,101.83009226729509
307.0748502333038,99.22585413659283
300.3967275132764,97.74085771976542
287.9902666100389,102.62617096629099
279.68202249265244,97.75029778208719
267.59742364649355,98.58550668848478
258.1189067431615,98.28771879235391
247.34094721483754,99.09420776973526
235.68017605681993,101.0499221019245
229.13544817859795,102.02592466136697
218.16680997911607,98.02870922947776
206.74899035830435,97.94127541096323
197.84119042855195,100.22994157448203
192.35060460019653,97.88557304718991
181.41268775695676,98.56719658797411
167.11998177950497,101.645440289632
159.5852645218288,98.02092232676313