346.11463356675057,94.83767912980717
340.28495533397427,98.71452715091031
330.54115400531197,100.13811747678236
323.0262788985441,97.66464827786562
309.37148337989254,95.10014733142819
301.0742086500046,100.68727190391658
287.3984092821587,97.51435056647148
280.98389812190607,102.52361006846073
269.59442764028387,102.00706708606074
259.47450371076224,101.80573538392635
247.73697198341432,98.97529977086803
236.2564484622648,100.8211632466562
228.04944974118396,98.55994983777609
218.93422936501736,101.56332956440887
212.0748986533443,99.62113266783618
199.58845907816973,102.61950434216568
190.31236224602887,98.71999583765077
183.44668660024095,102.59571662812056
166.76454899225908,97.4175329352064
156.7666497286707,100.2836168650186