350.5785963647672,102.04878927968298
340.0982577640641,98.91521556740601
329.79409676252936,101.72821349198924
317.49810375726673,97.6012789766144
310.6202278963223,96.26620851210357
300.2615586692978,96.92353950883728
292.59739463972556,100.42454206897972
278.5168574658629,96.38938506019575
270.70155644103806,101.69592591745979
261.71942109227746,100.11356257132925
250.35389841833032,100.40149848671135
239.32664981889548,101.63413138119923
228.20854074066105,98.46025139878104
220.47567797925586,101.88546131570041
211.1972624941679,100.87805498874589
197.3732793210663,97.87739367950165
187.13791859152144,100.20592684866888
179.04633682406313,96.7911925135258
171.46848520809934,102.75287261502693
158.90022221179393,98.31818740463667