350.91462537054315,98.74645788617647
337.94765902927236,98.9639459706427
329.00555598171263,99.25397690947135
320.78461662526513,101.98263782855062
306.3597502684207,100.67828475691027
297.6967877528327,99.10910575477376
291.60319356442176,104.03185941997295
281.0915237184547,100.8758354558798
267.4106661786544,99.72048470254826
259.283201643399,98.81716067859345
252.51839220250204,99.95971213902466
235.21986711773332,100.12845784190121
230.0250507845936,101.92997001596879
219.23944362678958,99.90257323549837
209.22269307945973,100.36148239065446
201.681136493293,100.89792951351724
190.56837040882883,101.48990620353348
179.25441255271286,96.10672034180604
170.411214935964,96.14513036945672
160.07740246286087,100.87626222276126