349.55511669762774,96.5871365248736
341.84469945925804,98.99139248620988
330.2749282731438,103.23406737508081
319.4527978106306,96.26529532622389
310.17546540916885,99.21114892950283
298.22705492018434,102.90978499430256
289.78015198626764,98.49425445188771
276.9110922470797,102.0277500976274
272.76591493735367,98.84362922441119
259.45329986966357,99.67596683857947
251.11296937403768,102.83340885838525
238.3512786471889,98.40845178668104
231.18772703955202,98.54408188945558
222.49388423652735,96.2599685406761
211.70301905768255,99.7986745226158
201.732216219944,99.23355998620116
192.94601895477234,97.07933114326954
177.65521333892144,102.80972516325808
171.01194423676924,97.17715999623604
160.20599099314921,99.18044939389507