346.5102308424665,102.15777416104412
336.20519337648096,101.12164706314458
333.4521649314557,100.7656595982416
323.9442097116864,98.06090293714949
311.5006592248931,101.05313181899204
301.6834296557722,102.10907117629384
289.3635836493913,100.97399019389347
284.0098101692464,98.9129509679046
274.18879373108166,94.58973005384837
260.4068961156853,100.93417361455467
249.71636688874457,99.65536538640374
241.4825765557708,99.0256380109892
229.1637080072335,96.65223013459982
222.0733415404317,100.44835068745027
210.42256470844836,101.88556644848569
203.33505171709442,98.87053445797524
191.77120705749837,102.11971341681802
180.83433491059478,99.73820048612332
173.4579175962775,99.69831855809959
158.63016007594172,99.90111038688306