351.235587096006,101.25534762908408
338.2744377593174,97.77299225448571
330.4637710238273,102.62552458792895
319.20208837420836,98.31778495372296
310.1624776879114,100.50202966777427
301.95104923576883,101.28603049320142
293.1662616250593,101.0635540872881
278.52370826758784,101.78310095881271
273.5542627400914,103.26746669823585
257.9060572041358,95.40865855419327
252.83674659089678,98.52923689363912
240.15325753693062,104.34985547002904
230.04858831547438,101.30790794897939
217.96148123081448,101.51257504778788
211.8320570878896,99.36579039203231
201.20978989908858,100.0112583143159
191.74998743090862,98.9466782716116
182.61366684888284,104.74002950402237
170.03933120290918,100.74334535580795
161.10028155132895,94.73239766378447