350.82373036308525,97.99407103675554
342.2175863387037,100.75753709739935
330.33425808128135,94.26366127660944
319.8359400646141,99.15252358397113
308.07632991097796,103.4811063305765
299.79213083654133,101.31278808008369
290.29551560514165,99.50555927859872
280.4405586274075,103.42864319007505
269.80488725879746,98.20016658401123
261.95296888204285,96.08006599590139
254.6042262822688,103.25409069256483
237.66952425205076,100.39309838127834
226.33225609858033,100.3142791909498
222.19697633565252,95.32815498020202
210.70301185985585,99.89766004239624
198.38119967259826,100.39639569323408
191.99784903216857,98.96766143041181
178.46393792753193,101.26645770381953
174.90812931663595,100.2262461070382
159.98451326698193,101.43277050577255