352.0718293987624,103.13888621292944
341.5208290271873,99.31605733740203
329.67706753737855,97.31985046269837
317.1037789271619,97.76343410929152
309.09148657055414,97.7330951050638
299.98442449917593,103.18550858957069
290.2908700219192,99.35501874161554
278.20673570564867,97.07012489732453
270.18651317950656,100.6885058129205
258.69644432956244,101.90660110716863
251.43257764596953,100.27279526466106
237.03424184365429,100.42455681445887
227.25585037443534,100.07557733301415
219.82419752276797,100.37416989607918
209.10761675386905,100.00245636558952
201.52441990769015,100.41646714654338
193.98315573924626,98.25712231577826
180.74708947849794,98.63154775506268
172.10382912410418,103.82908215073752
163.15173970769746,102.1966847356494