349.8262318284355,100.68176243772622
340.98339692433694,99.38830166073299
328.2881238395689,103.85280863397291
319.32331104151467,98.89126375210056
308.81182888466003,99.69806401176771
297.881635244436,104.10306178053322
291.45767107165904,100.88761827965276
277.92351399333575,96.0610179245887
267.6894003636443,96.83712174395154
258.34659864440107,99.653905314804
244.86318967750375,97.90098728890553
244.51228447191087,98.49035521571273
231.75351481204328,99.85587373776815
219.54916855073589,100.33874596144561
214.64724544765693,99.88312829508968
201.88873259688066,98.79241315006188
186.96164666307766,100.3964258275763
181.65216540368195,102.31495369571483
169.23216763689106,98.75645870905346
158.4800639795046,101.18323329891784