344.51310080006004,99.99619030282474
341.98755455083574,101.72983944624514
331.56572218325107,103.63537558826363
322.9475382268917,95.63760957252289
308.7339796175122,103.58177881590694
297.15402274763005,100.7419685530414
289.72203377214447,99.32575122853112
278.67538392439167,101.72314831851627
273.71074608605466,102.31250559654374
258.0381531921603,100.01368581309907
250.5470078513404,100.2234662121821
240.5990917423556,97.70647589449987
229.22198417543913,101.83604131906071
220.09066841648632,97.374693100198
213.40017891395743,99.54823705235147
204.40006412389326,98.49439239161032
190.08119826426426,99.45283727824867
180.49048460248812,100.923579255069
169.33601000717437,101.80493092068383
160.89928743001622,103.1559338382562