351.6385379593905,98.91820481955662
338.0764963867774,99.03273340009405
331.81329254159544,97.83301285197543
322.3734203546696,103.85892772845365
308.84473920065903,99.46391302132959
303.3436780143874,99.80433628943166
286.8158530173065,100.6790857992329
276.9936403996563,99.83188566659244
274.1282094162426,97.26778769232185
262.0185305094654,102.92863043335991
246.6933615489362,102.84488659813755
237.86691246608137,97.64315896392687
229.12727647212841,100.79627138689595
220.85516033543752,99.5824632522538
209.19499706994014,96.20343368149291
202.84330053550218,100.97141945049542
192.21436898480977,97.75251306564485
178.10966148650942,102.3176001447918
171.46625488652595,97.5112987267973
161.0096368384873,100.28801718110103