347.5018562549943,104.10474306351395
337.057654126909,98.92474554857438
331.67990662738936,100.08387728571292
318.30238710178565,102.160711524255
312.2100955213396,99.45891464568462
299.9582736725926,98.04749069747017
285.318767929202,96.85644401876235
282.8680715976973,99.53956169046208
269.94915237398254,101.75849710106107
259.23374951664914,97.98721338982836
250.43526151435879,100.80080249725968
238.92838460857018,98.02632991854418
230.60983757286823,103.32710173827694
219.18907881055827,99.64483686627558
210.76923054348265,99.4043697506485
199.1953538131635,98.76576649895071
188.24914244942994,99.40076462578054
178.29160987409932,101.78901812630343
166.88915799265513,100.08661307382543
158.04056420541238,98.67218106290154