348.59823202801135,99.47303772427045
341.04566270983327,98.86847802691736
331.0348555629673,103.30944876486669
319.7295599132772,97.21746831520488
311.7837538903416,98.70930342827629
300.41779135700443,100.15717105266914
288.51008005499415,97.84454863907857
279.8392610278594,101.77885913001377
271.2072274038397,102.4654010778309
262.8037241338574,99.26376665383232
246.7448282053746,98.42428243099546
240.83348035932016,97.86955671141979
229.9165543895327,100.99579350525396
219.7411704550613,100.16958278421133
206.45508734478992,101.07266362981134
198.92652078659384,102.23710036433904
191.54625098399114,98.69525607821934
182.88632746879534,98.35692688946258
174.8983548080164,98.88502203319942
160.77741397035987,103.15575473848142