348.2647752672818,100.49649851755377
337.44826190981655,93.80654215565738
330.7110062486508,101.8343520170954
320.4245298273115,100.7698050273011
312.14389113259324,100.97489980009155
304.0653894700408,98.09244558938605
293.12294824427,103.61569569059048
280.54784954714665,96.78944949321772
266.40945892012644,100.9216563280354
261.23202374193164,97.4848110011163
248.37904327224717,99.43732310158181
242.22560617305405,99.23110335935277
232.3064770804811,98.55410209136444
218.18242933090107,99.35770056217001
210.30411805076105,102.62819378956463
198.43788444803823,98.14182121524604
189.90120057704107,100.17861758025404
177.64074400094128,98.37712599406686
168.21658610227257,99.04583669324202
159.53600128059065,98.23924233255602