348.63810328169694,100.74962870171142
338.5983007659172,103.28562855401931
330.18520671634724,98.41980344801462
320.4899314128855,102.07149040272552
311.2430646732824,100.63912758658768
296.0475450547374,101.50563512373226
291.7927481785253,100.27897139158978
281.5899935163634,98.63919465674158
269.7334434017524,99.42415549463352
259.34449266962474,101.76388665997166
251.68284218884511,99.34703640209665
239.7925415637274,99.8379924890423
227.77800617740553,98.65899882324744
220.46922559511356,101.10484414134339
208.52821051982616,98.76769032790193
199.4566162286355,102.74315440305152
191.35824080876034,98.78065218032143
177.57339038470346,100.68044686293929
169.00470777149783,99.84642508401177
158.359334013288,100.38852517608343