350.1104045105649,98.86223214544394
337.739049227052,102.13849989437473
328.3944453169315,102.05044381975445
319.4855344142789,97.49600122756874
313.0644519259632,99.68742664106252
300.87931322820265,101.05910626888966
290.350444982198,100.39493068971296
279.11008534515605,100.60603487296132
271.09406441231584,101.5487727141787
257.7492356782899,99.67214131402352
249.12753842197083,101.5270494739409
237.24290432529153,103.44005028386383
231.1653947233097,102.83785195291782
220.20406872749996,98.21603308574434
210.7860709004559,99.79306588499206
197.25271862058085,100.19887442542083
186.57472937436899,99.86962640076655
180.33127280544758,100.40116653427754
170.63227584505364,105.08087068551548
159.85104394229833,100.82227471666513