350.39894615801563,99.81155781671897
341.2171946755871,102.09677765207928
329.80698857984754,98.15453682038637
322.01234970442556,100.04002213911923
311.19578212947476,95.63114592570416
298.0417843096667,100.61528988386911
288.77516839949163,102.0252691738345
284.2260105589273,101.16498248421495
274.47611003526913,98.24688863912026
259.2654749757508,102.0691764265756
245.66834002459515,98.36769156988807
242.4745221789433,100.3962817984625
231.15039774470316,98.98437909026785
222.9296531074066,98.14139503241124
211.9374953566589,101.43796620356024
201.95624809100462,98.79997154749019
189.28962805211995,101.24413452150004
180.17918029657582,100.73388762185958
170.53658010717902,99.55624667854403
159.45764082446368,101.72429759446923