352.44473348743463,96.87783730986779
340.8239409662822,97.57569592556924
330.9206948610924,103.18195570209849
320.476450052839,95.34025766555449
310.72822398457504,101.19082335861899
301.64658547290446,101.70238481611494
291.4199077484291,99.77994437719495
281.498483132371,97.31833671541636
272.334888109682,99.76385835458214
261.3088706719663,103.7934360962791
245.59851704312027,99.33166500683731
240.03853136210236,99.41770249493206
230.9420304193527,98.09378717966021
217.58648802056513,100.26252864203039
216.6737986402204,101.28264709971218
201.23964637297928,99.45035570435557
191.9688543592266,99.51815503715761
181.473743291888,98.1482211173087
168.84155479618835,97.89671699157716
157.0277909533739,97.33145840807528