349.8599760177817,98.18529861863644
337.69386971773844,99.42864148294497
331.53723319806244,96.92331460975326
319.45796154050464,97.4936097064812
308.13256850554507,101.19297987290977
296.6849075419555,97.41747117483358
288.84507942330936,101.41691378748497
277.53388855453966,101.00897751595079
270.48951045039877,99.3824839674108
258.12413368430407,99.5262787064038
248.24710478148444,102.67278085587868
238.69899823505833,95.93790124042154
230.94187271100338,99.39440629172583
222.8816898935632,100.81631830363513
209.0992983965558,100.26842796834585
195.50545172733374,98.49544394094453
189.07377992449983,98.96467712711095
182.35628609711844,100.50059128387036
171.2492939845814,103.67227786048066
158.97659947252887,98.31214277881459