349.5532878010911,96.59897191151526
340.496672658312,99.42430214835565
332.78835233540497,100.19686323049459
318.5103790054014,102.10270526431678
310.5471898864654,102.85394427420367
301.346529221279,100.99416063768128
291.65703606588283,99.80163904928196
280.5085800661951,99.32071788300706
267.6278174891573,101.48561610910181
259.54252099010364,98.1056744367441
251.10871545413556,99.54181979857533
237.8023816471294,98.38665730693594
233.99858606607071,100.36377057349297
219.59139459669808,102.40542014435711
208.9612219533177,100.30341225162621
201.8283045899731,101.24732223760446
189.52849600576383,98.67191904528727
182.00744682412508,97.8264024189432
169.03440862068408,100.052800676225
157.92749496163466,102.43419100563715