349.39871197250295,102.15574674975014
340.95927511552543,97.22805907777118
331.3961874609316,99.50579712154503
324.1980819976157,100.45455634176534
310.93626816327816,101.39918453884492
301.3935814831837,99.77557890398742
291.86298688611487,101.60108996900873
280.9740217019822,100.32047236129671
268.17172319700256,99.07060375719044
258.6677647896088,98.18911505920458
251.0020035735086,101.75023193699805
236.07206048439886,99.2654097990906
229.81816764714677,99.72279596587373
222.61821868290826,99.8076637519626
212.1781838782038,103.58575864858278
202.16699627900928,97.07730560004958
193.08288884303226,101.1544118068682
180.04212703791885,102.96451988551817
171.1620609437675,102.33316555409843
159.7952530677392,103.62432833936138