353.5962099568072,99.76648765628636
338.40334380275294,99.94333914780746
329.3652610898269,104.6921742374321
317.66529169210713,98.69355905885315
308.2672290946354,103.7033116873484
298.287747425784,98.91041489899901
289.2671033280054,100.8170618106091
279.9949842642078,101.00154985916633
268.7062215182075,101.82346931398133
260.1286020583204,99.94363562993718
250.4970645214657,102.13387702661416
239.7408974179646,100.92606042537088
229.9186706385232,98.48127368504723
226.67230483055027,99.5535026476292
208.33217267663102,101.75716341024982
199.7671103870296,104.02892148059597
189.81467617606108,96.42038201986314
178.39869987952832,100.60630643476723
171.66945136564576,99.58853049534193
158.74379979796964,100.18428707166807