345.5522888621491,99.18163922766112
338.26417872036205,94.50081291710893
328.82133389195303,101.67491164599478
317.06133870963345,100.14584564955977
313.46633610878706,96.66727704145603
302.22034474552987,101.13969635117573
291.88680727817183,99.0376796788525
277.07187349135995,99.74008121453284
272.4942680884375,96.59244291562503
261.492758812982,101.51609599054702
250.98065107025695,99.07723514524803
240.7151702584971,96.80792007092285
229.46678151046325,98.75053472596449
219.24011310513617,98.05790333042717
205.86841214071794,100.8900170935625
199.18824330292185,99.10577760084368
191.90058512553534,102.68799994045631
181.44020961064385,100.57773211501686
170.42277914494534,105.93500117196533
158.59322813318866,98.45133709529213