349.80673877706624,98.53629745278175
338.37848076518765,103.7951779102648
329.6944112395269,100.60268247863328
317.63565167991584,102.9317136156002
307.25490052058217,104.2172790476132
301.19100701102985,98.90188759963063
288.95578249449756,102.9991058775243
276.8110560867712,99.38740157155345
271.5447200032035,102.15224545751626
263.2343152050129,101.24130988402501
248.7529012950221,102.52174384262196
241.50406631848998,97.77558613554707
231.73370434814592,99.12798676804613
219.955110075878,96.20974528724008
209.91417169055947,100.27229092233804
199.2182545996153,99.06472202112525
187.71505827973718,100.71891942264538
181.75678784710246,103.97617385196858
170.3672309443693,100.51436034693796
158.57930658788382,100.21001772025171