349.2909425208452,101.72208525615419
338.2764363264591,100.32153300619017
330.27758737930645,99.42845017836648
323.2396700833957,100.6984192354168
310.2586871664004,100.14175115110739
301.15104913478007,98.5085165194871
291.99806412271676,100.11574882314814
279.25167971723994,100.86860649063956
272.45674949673156,100.22373394892618
262.18003452312445,104.03724844006649
252.88221806398957,100.15483172373699
235.6988863788256,100.7927192697788
229.5414095955355,101.6325325614777
218.93314814136463,97.25092086157021
208.7800909469678,97.79845798416542
198.94162878230952,99.70756217309732
190.156594300088,96.65019790698108
183.24336889368118,100.69296029847537
168.1480135077003,97.83540218674158
160.05798420352585,96.22026476026656