349.2039109598447,101.70266135035685
340.00626618108896,102.22319685506783
332.0694514875246,103.6896742510765
320.3328958916322,98.40368910505379
308.95759748694474,96.02497705538026
299.18707563994747,101.31606633564438
287.10255388567845,97.92393987515466
279.07183879596437,104.3265075663453
274.7531606697268,99.28337762740085
262.94070793707925,99.75077222762401
252.22069327672637,98.96083988893983
239.96308202710753,100.15167235086015
230.90882929747886,100.48249765363008
222.74278787045475,99.9824590183805
208.80222410334193,101.7984691821943
199.76126978166585,100.70565382381795
190.3724954994324,99.59562390535639
176.59405990230684,100.58725570757069
166.20687584595842,99.39559579117335
159.56149147492937,99.67444034551228