347.9834207271985,97.85108398985967
343.3814528249978,100.53890679540986
335.03066577077306,101.79466705066841
319.3943103995496,100.56220842348178
310.4968335285565,100.76336337293104
301.4182490522995,99.7462318884416
289.1435742379211,100.9628401459958
279.7545182783312,102.46027105162521
269.6671521550798,100.85903937161673
257.0732401759242,100.6787842421019
254.26008584405184,98.06146188392657
241.70043838109808,99.88698851275089
227.08658045909274,97.811750000396
217.09488491705704,100.62448914195174
213.0685788562674,100.42896592993702
198.99978466242325,100.48844748795152
190.44205254737898,101.19100043377523
178.54570779863246,103.44099976891205
169.26612055539192,102.287936638026
161.098726238792,100.31669332388816