348.0158039361671,97.10354860207637
341.541922418102,99.11859409295091
327.3921262348454,100.00041261176537
319.9191763059967,98.39143657184242
310.72955764440763,100.40985002032684
301.3490948272669,97.90471328293759
291.3066065803045,100.20972337498054
280.103074638881,100.37474842208701
266.6102531673152,101.24958579459826
257.39151429312057,99.70383019509727
251.81673480290763,100.25842582022935
236.38922695945874,96.59210286752197
231.6873763397938,100.0650106073917
221.6826402023122,97.43862245229539
211.67017681006257,102.65286468919936
199.14502722547007,102.61693624213035
188.7175974139833,101.09929787832613
182.4515708026825,99.85823026090577
169.7264941835063,99.32837903535342
163.29417982705348,102.23487736015257