349.0934713724608,103.08891715050997
338.3843969350782,98.83617914124054
330.83290999219815,100.60361745416071
319.490999339889,99.28334352464877
312.81435079635185,102.69175056277247
298.0851658385897,98.40350820747943
291.33259906677455,99.11232186851828
281.88136711178026,99.52646692414329
267.92697677537876,96.56888318023034
259.23085501941034,100.97803168901342
251.82677151748737,98.0392279204969
240.5790662729263,97.99481758941467
229.25062014216684,98.21178584068855
216.8172262846782,99.79316337707172
211.6748530030719,103.17412502863932
200.8122288559961,101.92847845989658
191.04958040285084,97.73797213152993
177.5766215789557,97.95833626276155
172.50140447445656,98.82346862207768
163.35137007234604,96.40476263526415