350.32572395198093,100.94275824222206
339.8477322083888,98.93867232106297
331.1501934589191,97.60967307307145
320.7130226908022,101.30959182506514
313.17105008838513,99.38290308990635
302.3723546990298,96.96494731336712
292.1717740593128,100.17930552281535
278.9435400859226,98.25481866380119
270.5476299851683,99.05529193845895
257.3159127471151,101.22810488031897
247.74470502068877,100.58144640538875
241.17793624002837,101.25714388400273
232.35030459504785,103.26035880940265
219.26431994398715,97.37552881273109
208.76425482981992,101.3079342557643
203.7632937474624,96.84525843822213
189.26876607904546,106.34330344218218
178.44814043202695,104.52830463214056
171.4882804129378,100.72894795140024
158.79915493360278,98.6118416385046