349.4240890724502,105.031414497848
341.6906166932507,101.1007794428097
329.25711454993655,100.35147733086642
322.2491957608441,101.11965448436862
313.0363752795019,100.8557780406139
299.5365722866881,102.44176212896252
289.2423345672911,100.43368776564604
280.9488339483964,99.60791132455086
269.50601608064477,99.4908977792643
260.0374519546622,100.54048436058206
248.87735241867637,99.43510346976994
241.28837531548828,103.29788742097503
235.2137273452753,99.9660903779044
221.87722167036316,102.1922508736657
209.24939181585006,102.03612199662109
197.65916130661378,102.65467246061088
187.95401852964858,100.1579968402606
181.56330873180522,96.3010790383165
170.69348619148874,99.61814522684365
157.85064141048653,99.59694817455491