348.1626665651087,100.9365620593977
340.1094762344209,97.56992406220303
329.6069491229462,98.06411907287578
322.4207063233514,104.78442069173161
308.78164726979867,100.92581843974685
297.0240708098077,98.33117718135101
289.1140004196501,100.95244027047374
284.76109237772243,100.56199440607543
270.288368253801,101.84413248653392
261.9016980244826,103.29388032691398
249.5625549762956,95.15937421755655
238.26720981526725,99.03390044421855
227.61683798278426,99.00955864756824
221.52253174231794,104.3403978248616
209.6186203142089,98.27731549851113
199.80023963780957,99.70176450292077
191.69040052604262,97.8303369555961
177.3121920023407,100.715839473697
171.15967039345063,101.27276198651778
160.90712991583112,99.00542189000646