353.8645483555871,100.81049699480808
334.92927181740407,101.21129582219973
333.9186780819972,100.9162720560509
322.072576650005,99.40309266511042
312.40413044994244,101.50918072153208
296.95574170640685,102.63774859073945
291.5906020412794,97.06078446673958
277.48551097989304,100.73681550354699
272.5314867091045,98.53005766349548
259.90677303067923,101.93261724604518
252.47432217496205,99.85263691494602
241.23186722357588,101.23405282423768
229.24752541059652,98.7080304001705
217.7331186987949,98.8491964814692
210.74478319244162,99.44060811301891
203.74797969290864,100.29644233319907
192.16904215217372,99.43274963204452
179.0539756632311,98.66796718734253
169.0727360756764,105.0289558794805
159.33788308189702,94.76452696913556