352.70002160252267,103.22702133292883
341.9277832948086,101.24934821049018
328.92297989246794,98.25564359371789
321.6131128583177,98.86259401119754
311.2381925050442,102.58401268362404
304.74563944567336,98.2096759195162
290.4013783856289,99.1296760228854
283.0506442322994,98.14954226177478
268.66615195832816,103.3998125936055
262.6140676090448,97.55343520316842
251.71899306132727,96.56896674125385
238.5056583620332,103.71403089991848
233.46306594026265,102.28312121748755
220.66110154067573,97.81752763028823
209.59782110198907,100.00229117735059
194.81702597792548,101.93235585462659
190.65438899549932,99.64881079354903
180.64827475538615,101.46711197592323
167.45790828682684,100.03055978861566
157.8511392177285,97.69628971595455