350.14733388338664,100.46179829753018
342.4023833755721,102.9846760643396
332.63401639940724,98.25788482041608
323.6878522958557,100.15417297475555
310.9019123477776,102.88059035512659
296.4297544554735,100.02776319326313
291.2609712752497,101.10776122785258
279.98604651654875,101.51187173177036
272.31746309119256,100.26437073825255
257.1027876384361,99.94071845633265
247.6461882758467,101.07316759611341
241.5312684288594,102.21726383856081
232.82190552862625,101.69366910414227
220.29993993936162,101.35536540987853
211.62055915755423,99.98254623730475
194.0454335850473,95.99005768029389
189.24946919706483,102.32412501584928
180.82572237311996,103.21519789408708
165.27649970824302,102.82954071363713
163.3904771106136,99.63909833942256