351.84403006601923,101.58922115220945
340.8125321373487,103.85039328308271
330.3826724853759,101.18925366369045
317.08709254467976,102.43709193475742
307.2733197355075,102.22365710211939
299.8505734726217,98.23921053677954
286.8967154462156,97.75255359601822
276.8623829508429,99.52182821186939
273.0202741205889,100.48941925326083
261.3237989943294,97.7178552488561
250.05400923949674,100.89893770624363
238.94851101497326,97.46036318982028
230.9815693593512,99.45231627989898
220.72737377579094,98.9222119266425
210.67085656332833,99.68555585916255
199.21387966363105,102.01666872924646
191.65654670058765,99.9271883657821
181.40612545842984,96.78928930569573
170.2046085837146,100.31798803755059
158.7043440882535,97.46233515178082