346.16898579865136,101.32200151044472
340.87564122339876,97.24703887594438
327.1249699495205,101.9758679739718
320.8365688702814,98.02682405617587
309.81105214245434,101.37570247598089
294.81293983264635,100.62305383033384
288.28688670702354,97.36080588379028
278.8489731714576,101.16248555885316
271.20556833212027,102.05668493710823
261.3150657144891,101.84346221348719
247.80046469887205,101.98767474684436
238.23980025068568,99.56142369434329
229.59440191888876,101.38294362652087
221.3388452092024,96.21722764841294
209.94799622706495,101.48514213683332
203.6144196546804,98.13908069533257
191.6236860098872,100.84484481007473
178.52348705801558,101.18371962637819
169.5776641948634,99.2406765760558
160.85718741339383,102.86253356050624