349.96304255806103,100.5397505228798
339.55246745015353,101.49806376268012
330.92530857706885,100.9641567828849
317.64604756277714,99.21630753912765
305.08273328876794,101.4093178072711
298.38010430029624,95.92406383986567
289.0528826967267,100.11309994364103
280.47421746728264,99.00802890901451
268.31748549364886,100.3483860669093
258.3232566966607,100.86306979547791
251.9017920212497,100.03031508732008
238.00990774513386,100.2033526860769
231.02714205557865,100.32410513446598
215.97562510668888,102.00006844989369
211.71417048815874,98.16917822269589
201.5293224734076,99.66656883074441
191.42661741777604,99.56165886862331
181.1780455808716,99.44059882318867
171.3903109334024,101.4460668128116
156.53188030912332,101.53860852686513