349.2900439747537,99.38840815589985
339.4474453251368,96.78761537193627
326.7294926584032,98.36187743937487
323.1435732953346,100.78708318489736
311.1484088343008,102.33064021224654
300.2911028310397,106.37627970200651
290.93731284102523,100.8206383303655
279.6396470830915,96.72375567583865
270.7267084684787,96.87382157445391
260.7914295892772,99.50477236184179
251.94553838440137,98.40877093412071
242.68698647661344,95.97061908941747
232.18504348727382,99.99932987766347
220.67079588692204,101.2719571006565
208.89116714437063,98.81608196469811
200.27401637056857,99.43777691566599
190.41570908533933,101.73712645607766
176.81855949596513,101.53146013558928
172.523355313529,99.91936963535666
163.18656773122075,101.59858167434238