351.18084191959946,98.07947880706362
342.41697376223374,99.37264833005672
328.9869762229342,99.98972328085058
321.85720687785994,99.73707845528473
308.73902696269676,99.20689553193255
300.7048322447094,98.91448807077009
292.62299822209854,100.99825857686838
280.1733213112575,97.71970337719503
269.6686683176894,103.2606698702258
260.85482507423217,97.1608811366361
249.3732096995516,97.38358533614559
237.88927388204866,98.87145585708878
227.99322299658934,98.70505750021901
217.08127706062473,101.4066713376286
209.60015069053276,104.57842180770278
200.8570435940095,98.03349862758476
190.58762716853386,96.74438396644284
179.58185912343126,103.03529574175096
172.869955581209,100.17496211486937
157.09079723407936,101.58374472041393