350.37910659863496,101.21771489238691
341.0770577890554,99.98569470914842
331.9688093906618,103.05476959499143
319.7519722952794,101.6613649724445
308.8779647177605,103.87071463496922
303.27728321521926,98.4219106531241
290.7316028991175,100.55012535838111
279.4390090629509,101.59112776900317
271.02701058161847,102.14689076443804
261.05720546209346,98.35145860595149
251.31843259247236,102.63341441006791
237.8548913724133,101.7845426228801
228.49421850327263,98.83738252843914
220.17628952023426,97.3263714274754
210.1561560323604,105.14972818006713
204.7164592378767,103.39617262924375
187.2673967798687,98.20026274299705
181.6449866461165,100.23915891813246
171.350363988525,97.89989446059899
158.3089411288908,98.0373369762423