1.7781138564700818,151.37426212644542
25.763103631846548,142.78567343784874
29.160086429783103,137.17575804032583
28.125925422487125,137.42216949540799
30.450144024506187,131.99645941512497
32.03513749822027,121.13388378846292
29.798618178383318,124.20991321499552
30.51309329763607,111.42934703519991
30.805185383516275,106.5475146304263
33.35018894151578,103.7080358368905
29.72364323149574,99.92417363883582
27.05822303684512,96.28957425277108
29.73363234500632,92.77581489532544
28.567842951886032,85.50115534592392
24.67689838699501,78.15192877893824
24.887153012471728,72.98435524271484
30.558093663757397,70.77730180503553
28.823309312465664,64.94205748519288
31.9930469811292,61.0844223051081
29.11081552834777,53.161995446111284