-0.15076365817665008,150.35382104512925
26.35566071769422,146.1181527407379
26.06579959267778,140.64638988468838
28.481110377195268,133.83431468159324
33.773616982671896,131.62040937431715
30.657219768835564,128.61870795213872
30.421491442738322,120.96416203086682
28.785743154123978,116.89472002739845
32.820939082992126,110.3762753566078
29.871483253377416,104.52418524624682
27.39202361464426,99.4757482789084
29.657023686164745,95.7793960382713
28.301669590043883,95.16522075518998
29.589800129163017,88.18323413293223
29.90094256453874,79.41773760863418
30.661336533218154,76.94385420292217
30.606068101137435,68.77329965422415
29.412457675583624,63.45588846250728
30.863892331239985,61.6640784743993
26.34309618378002,54.43169479403036