-0.10068388686379015,150.17699183696826
27.446710236907506,146.2642766299836
31.09340154500131,138.31139880787288
30.8713150015248,131.7037406078966
34.61276053258648,128.8671815600866
27.63287589648462,124.19118482566527
31.914290046856564,123.16558154411707
28.36184653635067,115.65633480527597
29.30275771394445,109.59588625415047
26.84097896965416,108.31262710447825
28.035901502933744,103.46874286581696
31.800270809013345,96.70035202555064
27.672568977430153,94.47680994554622
27.196911164717132,86.761505658005
30.293118156821585,76.18615054877012
30.735886276463823,73.39025395394643
30.932706669445068,70.25261550150785
29.455159591071318,59.40600470368889
27.9554596122781,56.48055653570222
33.44040761831765,53.392201067181134