0.04965414469349404,149.34805713323473
30.92724275387606,143.50257487487733
27.343232686823896,138.1944475766506
26.929761065769664,131.9328443548202
27.86714976049212,127.894539257513
32.33092652444391,124.19473238177206
31.454022420221467,119.25431663468811
30.342574857108414,116.1109530940157
30.386742989966134,110.8773722693058
26.94029424004162,105.26892667118396
29.697626990262137,103.26008526005688
29.445603845861612,96.70916977205373
30.4504758185543,91.34128820107931
28.692003691661753,83.73771279649793
30.234735074104197,78.767423737508
28.88136962635957,75.0457859587722
31.285159190942043,69.11085396896563
29.72564501890919,64.42334448472755
28.275610581932792,62.682174917236
29.747671331691055,53.10938508892153