1.7046971165204796,152.59081111199364
29.99473753123958,145.20329975422186
26.575621627944933,141.23579774178359
30.080172384086904,134.87918432441285
30.801563549514935,130.94440887951836
29.202752333043275,123.47398604080401
27.441717329832876,119.02093260982079
31.295447577618702,114.55537330396065
27.069185181539424,108.3967542954205
30.829523394992194,108.13193003974979
32.02584452694896,100.5486857780644
30.063813549099592,96.71645925265119
27.543130967650942,89.64883443780931
31.275919262567463,83.0411568367637
28.12509780167367,80.91291668449286
31.23197824241494,75.14945557791975
29.787067775651977,69.3369570612657
27.858103852435686,64.52000846502126
28.52933568868571,60.60035864592544
31.152563901526115,53.35365254877825