0.05126836230871323,152.28884629594697
29.62854501347456,148.533057319418
30.507789637723906,136.38556837266734
25.965940984360344,135.4985654453492
32.010979619206594,130.54233673810873
28.116596110004636,123.55719352634375
34.25491136685658,115.99533559937863
27.808295967766746,115.6136750274368
31.72397511794963,105.49797722466957
32.04971954036437,104.71892613804116
28.55743802841322,101.81477423460368
31.28591712969594,92.77129960803346
31.676476070548066,88.63100029338926
33.579570766151726,84.03981048328387
30.869375708273495,76.85762120174165
29.974940140939935,76.2485757639537
31.13984824881711,71.29066915442789
28.31807687676956,66.55958149726266
32.948392077970844,57.45441602713704
30.90550044488498,54.14468140482181