1.344984098409,153.01507263846412
28.598354856289944,144.252730648294
32.97954822393429,143.7460387911771
28.107609771632557,130.04662114473638
29.43380732800414,130.73286480224743
31.241012429253438,125.97725910872178
29.464637892358162,119.35904006032278
31.04032288684489,113.81042532806401
28.91460495025841,108.49154663022601
31.90439251336709,109.3978262687562
32.129014594698404,101.3551578653248
28.211490520804865,93.79306070160432
29.06914107258073,88.54148438430798
27.79051376432932,87.09499840219891
25.77104384293584,80.35968399607431
27.97830401441654,75.91911428269637
30.78230715391955,71.3647230875032
26.70619155229062,66.61546580837577
30.616261245279368,61.39392695008198
32.15558068772841,57.10369067814491