-3.522643051201048,146.5309375090078
29.07283884192008,143.9214519044897
31.156830638390957,138.7722891691585
26.896245209866088,133.28545626600675
28.116652801329174,129.85608169037383
30.366159588726067,123.58951028744127
32.36788720174769,118.67005415264485
29.399020689257434,112.4820150766513
33.06332918639886,107.5346865387285
27.44634784208447,107.64202510864908
26.63342161896863,99.65993080484834
28.348484111798406,95.08127265662343
29.339075792445602,88.6242501283821
30.709680481230578,82.29826079612835
29.95208460276184,84.44113406527153
30.65500873348658,74.31129099880731
30.95990542605159,68.29569672964196
31.505044524022132,67.15957633960699
31.114613848381065,56.37932288771705
28.49595856966588,56.092940471994126