-1.4670104563690944,151.78320386101348
33.53999980227983,143.31692694700916
29.524195027684765,141.76261865012592
30.337749530423334,137.36248880071628
29.634826814792337,130.9883637252159
29.284583800411745,126.93066923745808
33.68214582258204,120.47896467034452
25.88202045867157,114.8212373591911
31.016436784050114,110.63821671080566
27.154221382670798,104.67426668921182
29.48501083815598,100.27009077832025
31.574927094471846,96.46536178886373
30.4275171420331,91.74063483262019
31.28173676414082,83.22553143872855
30.054638148305745,75.3867741018471
31.11916264288593,78.6431895574426
27.722828605431296,66.96091486340498
29.779713603537445,62.06695926442798
26.85519507252513,54.36105897262986
28.737850336788735,53.486029604865216