-1.473777518382764,148.42710379840844
32.3038566254112,144.86026509200002
29.045531595392923,142.53337582802078
30.36956405312558,132.14759475335626
30.312475181855962,131.30336827553438
30.360889272699918,123.72270434360351
29.97476930088964,118.59885937899188
27.926822032975597,116.38141989017191
31.06720484980996,108.12224586184762
28.605166778514658,106.87789017159142
29.29897903043599,97.68956311372034
30.55224349870407,95.10807341585101
31.859410921148672,90.32254665629257
31.859680151123083,90.6344586468883
28.678980672747628,80.9127680391783
30.067909461724298,73.47641173505187
28.922657392571455,69.80960974253371
32.78041080349426,66.13117508124998
31.70356366217028,60.69919894302608
31.609788624014595,51.49330834985659