4.134538399160222,153.03490022690002
29.1259962818031,145.76552349453945
32.825871727141234,140.4501254325457
32.454682487792056,135.89453580901403
27.152049294779772,127.86045877157547
30.417726970963788,124.6255983857953
29.990751433514333,123.15626270899034
29.776919365701243,114.34359759460789
31.192408741052187,110.11696599269641
33.297801023766674,107.15305345255433
28.268509664808043,100.37055599682432
26.25626491906979,91.70791802837239
28.093296944965697,94.86888323826567
33.80985467330692,84.63499832360618
32.00288792126529,79.30923704061105
27.701408278776295,77.68280018033965
36.10914158603723,70.27071394838713
28.065860260981378,67.58858612372995
30.913070137520553,61.89520400018443
31.265145054888215,53.873240118009065