-1.0475874124428992,150.91071665608956
28.16741108441113,145.93535332864448
31.343032854416737,139.0805030713576
29.458002604858944,134.2958375430317
30.73418182053179,129.7677778861766
29.904726189997792,126.1364433757229
32.49188757996985,118.2378306466047
27.126145388566453,113.11464454133116
30.71270927355089,110.7707555261397
30.743924751500266,103.8151495410544
26.711068874893005,99.63725814408494
30.304986861012015,94.84541811019993
26.765603849740288,90.96434299635878
28.875944972464726,86.55260438344517
29.007472432247972,80.34560712992015
28.98013819933179,74.69158653067652
26.72630307429306,68.68307069953559
29.538114900578037,64.30760562723741
29.7390121854684,59.06237166612262
28.924870910419465,54.5224531811257