0.07337953171067826,147.08158683296364
28.955017259024782,145.34170973145743
32.36723707442339,140.7820507875976
30.124345729426015,135.83995589294452
29.08815432910413,130.02144010282737
27.3565753261532,127.46548336232057
28.612841871085234,119.85551041076583
26.416271007672105,116.48819850898764
31.11343287495791,111.29206895606028
30.87689662930096,106.54438903663015
33.4255866921786,99.11416089719049
26.96574067449474,94.72611446698566
28.71947630102752,89.88688787511957
30.282245148905794,83.47949082286878
32.70802282707804,80.65984210129018
30.241522613011632,75.05400266038141
29.14694719047221,68.88113902049656
28.267970461535477,65.3867812633863
29.023169739161936,62.37112382506886
25.46742529515298,54.04361991473651