2.0959746832997173,146.5916275899289
25.948918151879283,144.16640722141392
30.54028355423048,140.78726117278853
30.194544205951694,135.7816799257914
31.511272255566105,129.10378490780852
29.23736870386931,126.32032083571592
26.853404850117172,116.80820412836549
29.7761197604621,113.96913146483564
30.781354236166106,108.60057331353269
29.57909049473719,105.63572286690987
28.990240394068707,99.6539888682432
34.45167132274419,96.05439873727818
29.25556966572222,89.41399961196367
25.857862883196116,82.01281174819032
27.248623391690817,78.1294480761659
31.1874519160256,75.47765237349006
30.992212625698105,67.93799735280719
30.249908890217757,62.32823055728071
30.662881733724184,62.09184081765523
29.471526441004666,58.98045026371948