2.6998195617145684,154.59781400762074
26.308315990902667,144.70510759503372
33.008328812408365,138.47330060062663
27.635573732795443,133.35092191919986
31.753792143740277,129.77773232376146
31.773628403974783,125.64997933443726
27.225286432408755,118.26039273286099
27.955908534274908,117.13299346630816
31.375089487061384,110.30801828747371
29.465773590388608,107.57737824187377
28.460629640329778,100.12024650992856
27.18753353378918,96.49885174034631
31.260822105044358,89.66563713979535
31.900613326345166,90.55891650592193
29.29378481062934,80.5649537347364
26.462977851192335,71.4218635209771
31.863468834382232,69.65354397418517
26.491278064178154,62.32812507619145
27.807208537420728,59.26248398421268
29.937488926244917,58.42278577029901