-1.090056077802176,150.3775438700945
31.072936545477223,146.8956573612093
31.200385953464117,140.30395850886183
31.652520567299987,134.59961115758907
27.38595564302098,130.31528195040366
28.101743538126403,124.01334553706599
29.452251718124085,118.9334251135979
31.595358627520994,114.983883424552
31.551274734552308,109.47894302738362
31.613291430989964,104.8656917399457
29.196767232453812,99.37082904307306
30.90216000495264,93.93354093988178
29.01400651024826,90.79174710327372
27.039911915155482,84.86644668710171
33.42420630355482,80.64136464384625
30.24018255877669,75.81982064765866
30.883822441210963,71.04679429884189
30.599324552701606,66.67846202173888
32.15120215991737,60.81189209277083
26.00659047399718,58.24248558429363