-0.7204019724110885,147.84761372729116
34.986181186075996,147.95421106613483
28.30958358499351,141.00169052470784
33.62188450428928,130.500574172994
31.172005335561636,132.42419865379725
32.126464340415055,124.46279342191062
28.479480408526094,119.6773208983391
31.9981516145884,115.90307492288078
29.110353530222977,109.49404256500311
29.20841597191782,108.76367907901376
27.09765811868084,98.58656654810785
28.068922395203767,91.44410566283814
28.877819290264668,90.46019428217737
32.39343207836617,86.26153205842328
32.428451492240704,80.07877443002593
28.987523653958036,74.76221618455955
28.060612201049356,73.76412461597847
28.707159273393938,63.817919046743384
31.529340998818228,62.526222981480124
31.89512385692796,55.525475011028476