2.1527868268048014,150.50219830548508
28.121895012523407,143.0655539961495
28.200575133758225,143.6833604645639
27.73288838822611,137.6296778856924
29.93902347660124,127.29060830021896
27.49009531983212,121.74837434412909
30.794732766272713,118.32415272884268
32.69524117472439,113.91482912109728
29.748440695813304,108.12296776990144
32.54842925864176,104.08555734520127
32.03111012615734,102.04783771585322
29.28873291029027,94.81789219980692
27.683623917841658,92.89899922618186
31.723967441690522,84.20245565280132
32.384225590526164,78.73669139044839
33.64777496912661,73.8482002016754
29.04405909390162,69.15728001993051
29.547418314526542,63.87493908922372
31.639832441279978,59.902295309601044
30.836091202522912,56.0086415196481