-3.3657490325400063,148.6272745036039
28.197878382183653,142.48367838201005
29.641440665135526,138.72299895942837
31.633915777789294,136.6005817215938
31.890375476887087,133.37025671814237
32.795277583474174,126.49015309655492
30.735854977454146,119.87851639765691
33.49628674839367,111.6991755770806
28.681969575256602,112.91632265866868
31.814302381427012,103.36820798242864
31.526900352931627,102.40868029877528
28.615741987736623,93.82548880141002
28.819726462240872,91.3897331116789
28.972277744079996,81.28347974079001
29.426725165899033,76.78041362003995
32.18407227917291,73.6838222257671
29.641598724882225,69.37550056782909
29.920848818850068,68.88531104541443
27.54028175727931,61.92705355360811
28.90301321167868,52.0982843024906