-0.11320294033540916,147.48359130921187
26.270194526557397,146.99321158386397
27.382402812901834,141.5662689767136
30.36828128204599,135.0522779299151
31.406957363878508,130.3414998965107
28.732304682879544,124.15127543014722
30.553203673932458,119.43193529743937
26.683218662934735,115.9166795936959
32.28520243693407,112.24102239538009
30.331569539917613,107.77028538660826
32.028644870326204,102.15879758722937
31.739926515844928,94.32797393708393
30.199280652295638,92.54418120580716
32.00753041697786,85.71746897445901
30.64296585567864,78.21582445169719
29.955886312917894,76.61215356256504
26.442974454563995,71.96972838649737
30.60206688433464,65.28557597656783
31.182351495869806,62.94579990019737
27.675234469130316,51.37680185585