1.0679178707250794,149.42369476504774
31.596248382205875,145.30264571747824
30.139585920781165,142.90072721576269
26.577627911999684,137.18977992349375
30.381678550441887,127.66466073909102
28.756146592089205,123.42698391187062
31.35766050157823,117.496380919682
29.763676084084665,114.5087720212176
30.1249700816045,111.76130248551239
29.50102692867902,108.70139398114138
32.789255878329264,98.67554891050398
30.153743503539083,92.93026245480696
32.95781386801388,88.64666365861027
31.251595811747432,86.15529917087989
28.965063289604316,78.30271045166211
31.017870570532917,73.6424348045249
28.06118751777757,69.17145236366748
27.479675182411974,63.16263765113206
29.362365349679585,58.378726221180806
30.198848151976865,54.97373837380408