2.395385732518251,147.061567465966
30.02507295568622,144.18196149722417
26.145592503221742,139.12565282344332
28.413519585308244,132.92202249111918
30.07823252825154,128.66472676334834
27.009848496559172,124.79774105038442
29.14884952931259,117.94601644986773
29.917685079799703,115.79993746199737
26.770060723615288,108.08586655754799
31.092073197718758,106.73027025438168
27.218187454549856,102.48272886241001
23.214607124909314,99.06776817238489
29.573259643933937,90.78015702923281
28.593863500702316,87.66748247754126
30.73082326399772,79.9571373928716
29.979271789858903,75.07046769131217
30.053736047941012,68.41733032616352
29.79766642288399,62.453379288663655
25.735283559196056,59.60286103616853
29.386055438642988,53.99348326119045