3.1910670199226,148.840126058982
31.17003476898499,146.21194375422587
32.57248967582473,142.50376535559425
32.68004132946765,133.77241278468944
30.336616323061865,129.29022138829782
26.71468915115821,125.56464926075209
29.755550783801606,119.53980403682992
30.40256704035235,110.83102377411181
30.492190763390614,111.71588010266309
32.43157526743996,100.8314275923752
31.05757590937084,99.81710416227861
30.295815936982606,93.62195261284315
31.57075230737697,90.45929334698177
30.689173680838653,85.6108820841022
30.8326121545293,79.19960987076156
27.03276259753488,75.71349170336477
29.55338775333292,72.9723308103961
29.832977743892815,64.16833248672944
28.194842484145294,60.66906322161188
27.31388683517187,58.39720471439322