-1.7492766678234275,148.40839721188524
28.81960856743963,145.30142325419035
27.88303611069237,140.73783677195314
31.713865041532195,135.30350330316173
30.67135261194406,128.04318061612716
31.57322749153017,126.77833669679015
27.36470954162615,121.63298413883484
30.732332983425888,116.26296263344996
28.639246921521092,107.21147873468779
27.87830036954316,104.75541788812417
29.365163247625635,99.3913199713104
30.50312059577302,96.61586048459942
31.483255315763554,89.716629260516
29.9505273708094,81.72172261855648
28.29701034588493,79.6615802710336
30.657516478175985,72.44791080544395
27.03637112918495,72.04153419234747
31.285123759867524,67.46471266370207
26.655844893469336,60.106681181714286
30.094222099764007,56.22285933877304