2.909969653191869,148.23198085324225
32.06368387927714,142.72121217292656
30.3433807333984,140.63100911529966
33.030384675329586,133.32462527819243
24.91354590419208,131.29237306510345
30.40890362940687,121.20711724368596
29.695906146579002,119.02015857189114
31.798342829109654,113.33454071886646
31.277576174135472,110.96174725227
28.71959670995572,105.4097353735568
32.6452557126058,98.42443861376967
29.338097835766572,98.1910618890891
31.30788409493469,91.72225731198628
32.17617303691318,84.31336048095496
28.541184538756212,79.39675253339988
31.1100540117763,75.05317191573107
32.55174510298637,72.7266575595132
29.6889719036462,67.49103608350445
29.978107671853067,59.98445795837098
31.33194606047917,57.512940032945565