-3.997809523487079,150.18156115608394
33.11675710660619,147.047388234284
29.404265483401954,141.37454298038432
29.150071748294476,133.22169888755826
31.605921524293887,131.83443321818376
31.644833060903316,125.99079439246708
29.467479183680723,121.16954192208787
32.11739699167275,113.52808378979704
31.528808021307245,107.6642277031664
31.378487299811052,103.4983293398143
29.78165394019212,101.23176841349984
29.476066748516466,92.4076115051587
30.598157413753864,88.85181382742232
30.100082397147933,87.26801208441996
28.84392194028824,81.91868935109414
27.61492952467366,73.79839882585152
31.596792054276825,71.1818073785036
26.468149583460875,66.83690174877555
31.76335819737053,60.71929822473292
32.40338423396358,56.11582867396606