-2.2661647971695786,151.22712024386365
30.254007484526333,146.62577550315203
24.508828519330017,139.41776892662983
29.505960648834115,132.86845017057152
30.09782907223774,132.6883379754629
29.818804385360515,126.35530737014744
28.886031108614954,117.9842685408821
29.764010002181717,112.51419496025575
31.68228004118755,108.67736060315933
29.990283380462547,102.30878150146638
30.21189536047952,99.77192952185969
32.44120811584824,94.5932594349551
29.912782966821613,90.25129407562473
31.356696408790285,84.62635065522649
29.64623182675155,80.48730869120376
30.810696305476355,74.81344735778787
29.406218494556153,70.15329597857804
31.57015194939269,65.84507162376697
30.33020254253508,62.947214776534764
29.643378403914976,55.052823355236264