0.17102388948543365,153.577046694196
29.897691445570494,142.2692787157015
28.380923890156694,137.102887521101
30.142931433330094,137.38014931735086
29.55961285182096,130.37637825724929
30.616883546820155,124.65180336102397
29.30721740776828,113.78683572302499
32.16442592286027,117.5454593238153
33.19871335139009,109.36303573897878
29.75704053043883,106.40725364895994
31.780719415385654,99.09780089272745
26.046696534019055,94.89119042055333
25.723670376387446,88.62680567447102
32.15021151862922,83.36834729605148
27.562292976370884,80.68960858321718
29.955716432804135,75.0917713577301
31.086858680037736,71.93861395500184
28.722317779858038,66.39823744000964
29.15367318871638,58.275805765207096
30.1948402405926,53.21463755845835