1.1718009108209397,152.5471263864352
32.60135988992577,146.12849788018806
31.76357446614919,143.20959147655392
28.560416472952998,136.48780918224125
30.677504589278115,129.43909086159988
31.781012743455936,127.97287999471658
29.348328169743944,119.06240698315632
30.061869491663174,112.3359936612023
29.43789932386074,110.44519803187971
28.426500464932484,104.21844431004126
32.327920040332295,100.92356697055297
30.04552305758896,93.91022087683294
33.343853385368774,93.20099265557946
31.538419215220525,86.44422679775982
31.49383932563681,82.6012101027631
28.959988298645357,71.40499152193034
32.36219760424771,72.2898058776218
30.316127053804287,68.10468488428964
25.363739630647395,57.197461439093736
29.94948331016138,52.377273688410426