1.78651673522757,148.8160427764645
28.080833146984144,141.20678659152267
33.25363123189757,142.51289123082245
30.19705503436679,134.54796632230662
30.432425535559794,129.14510069622727
31.03606068866395,123.95845216241766
28.882354070295854,117.84201162013217
29.317825423708822,113.51341915672099
29.611279085636664,114.423585159027
30.09963108836758,108.08728993518886
30.75450541632873,98.29205562770989
29.286864452078618,94.40694120242141
29.05244146754483,92.11493382391289
29.18161891175608,84.15235351880561
27.14036750867541,80.20268088145363
31.21247162409839,72.86849074427974
27.4345158034577,72.75920924095314
28.300567892431193,66.52930276891111
31.796494485928783,63.956796323193416
32.64298960868357,56.86751252166094