2.7134871354091965,151.08281329007903
30.56530177419517,143.0300389386015
27.034520075894413,144.29898857574872
28.205943111977927,136.44800594740727
30.279208928894352,132.4993657892318
31.916523502257707,124.2707919514413
31.64259207804718,117.86922887548174
27.770754048286776,114.93666374487454
29.83874242235648,106.92734408672408
29.58953405907094,107.02292993881763
32.43698364228989,99.09703002262259
27.480526761906003,97.36244298598814
29.520915713704685,91.62054073032422
30.200187310942898,83.44123336481836
30.149379398664475,79.88240201701372
26.416690984747124,78.6683327694045
28.037961457469816,72.38109665520675
26.815595495644708,65.64666789366309
32.36520987251563,59.43138986989413
30.621126122192905,52.60324905271947