0.43081799840663937,148.50442859745783
31.316625374188185,145.0072565200017
28.029227080916705,139.1716996336602
32.47953397877061,132.77394228814396
29.499320241920064,129.733722513234
31.92985043689992,123.95770206490742
30.531368886521584,118.32713783743476
33.24975096409724,114.49499169231866
28.209149729615795,106.19804186005146
29.95932909062063,105.37320818126766
29.10928068759391,101.22657961109536
30.745943093656262,94.60984181496092
29.56811003306738,88.49730777134265
31.13846702353871,94.8263017534983
28.036291873522995,79.37629552992539
29.239081543593585,75.62142518160549
28.789742005715276,69.86611871126006
24.53069814643609,66.02715159318142
30.41417133338592,58.12830184946082
26.70013722282218,57.750082564649546