0.5205666881478176,151.13260978914082
28.538664407629884,146.10784085224896
28.182590359096935,134.3859961822703
31.53789509233398,133.46947061326225
29.827794719291177,129.58686272637163
26.193975153240938,122.1114555648797
30.64700187618792,115.2820845332781
26.434333314551345,114.10150724629212
25.22382451288031,107.6909090195628
28.065512394530305,105.52087460145675
29.47415275011573,97.44624779569548
28.193021804045085,96.14383561439698
32.304726269440835,90.57411656320672
26.918156970023038,84.51103763244743
30.08319715456626,78.21240302180547
28.43964008472306,76.07338750762324
28.182048255981613,69.39645130075561
31.853897585575258,64.71016111000819
29.20305268289337,61.8187290243319
29.982909918277254,56.528722729825354