-0.35564480126422093,150.82434259833747
30.04999345614896,147.5867735337187
31.541999459657177,136.49453786183886
31.841974582251357,134.8256963305865
27.397422316030333,130.75363537993925
31.359805134271838,123.43292112537128
27.4218352190259,121.66994949678136
29.359006440829763,115.76191279592992
30.771177663792756,111.71611653784889
27.087139817214464,106.23422869200554
31.968302220987905,99.8230397456415
27.637271322126054,98.59548065612003
28.165481550299845,88.61134167761523
31.93749187165818,83.7360704699977
32.180158476911586,79.43560909720054
27.75002957544757,74.34756879308249
28.20633368054164,65.80290773917264
29.04499844504715,63.6440599900839
32.1034623689531,58.623263420526136
26.513283295924463,54.66726699486579