0.21820185060498581,148.44234321839426
28.83830645629431,145.47352357885902
30.167620315350018,138.74074873278622
29.49633370131318,133.7887890301416
30.582376811837474,132.94896779638378
30.24304963492717,124.8737656038726
29.03787302710946,120.90531952228163
30.18669470531125,114.78920175780847
30.42480816812312,110.84854888459506
29.47751187845689,101.18391405245288
27.425149114042576,102.45386814997342
31.276132951868327,95.4657109566116
28.05437985903923,92.64985220921751
32.41316242717681,87.15136549478622
29.87263346067178,78.65062100853594
28.312876034897553,80.78824569232646
32.98368409905432,70.77141168176958
30.349543109102243,65.44826271492646
26.9584411148669,58.80445884849836
30.47782286270398,54.75462639324839