0.35615314745627036,147.40417584254575
27.992017025849258,140.61569917989334
29.555469288969622,139.36917731721343
26.484693426840188,134.50539410870024
30.591071246164066,131.66597341899504
29.32433967923386,127.19384391221686
30.459453089230404,119.176194345647
30.27903097593245,118.05318099194825
27.549616523942426,108.9148003362279
32.921353587900285,101.71590949431523
30.37573229571786,102.43576594026331
27.172278865982825,94.77698564475627
31.44613814277248,92.08790213031374
31.053971667320653,84.70530414567685
34.49022690464947,78.08765522594322
31.40709989091036,72.97521992552404
30.03808988595385,70.97993145200337
29.410570908475172,64.4718165991136
24.88610775630253,58.56761742231309
25.844730716039347,55.302237004615925