-3.187918778927208,153.41674766078003
30.55211749820467,146.13338342790684
31.44951655169058,139.4512862807545
31.425304230230385,134.9222895219688
30.914844336047995,127.02707299106223
26.498029294067393,123.36878698840137
30.121544906849756,118.44934097337638
30.79435852672971,115.42814103049118
30.528281269999216,109.23585367049223
28.892507138125495,108.02386475844371
30.59659051544575,99.78585277848478
30.134624314540172,94.84537691363526
32.12094460726135,87.24388375849148
31.600212647071718,86.68736222557567
28.000284796354702,81.31824022158125
28.068131197833978,72.8443933353281
30.920117491777695,66.8583843864672
30.469642792223812,62.15065218212882
32.00338299847908,63.48460674292649
31.342462400225955,57.009045248789576