0.006483399840450525,147.63405552943198
30.884982875086255,140.73888997800066
31.228800979734256,136.02999610376293
29.411960747337382,133.69600280856093
28.964212878543755,128.03489001040936
28.638473876140296,127.40435950476318
31.14400874152352,121.19489279353215
30.43561504194998,114.1638011484835
32.78730296155555,109.42359172703573
29.478189997412304,106.55156244763263
29.606066373323632,100.9735319900743
31.1623870839486,93.82659816593764
29.838266196503206,90.7821309276081
29.863772316565054,82.88139720485039
24.0231380000132,79.25818622890947
31.360239787157354,76.2004741570876
28.177082720299996,68.5320980743615
28.08206223955922,63.12211398041426
27.416988428225423,60.55164808882496
31.962629111837607,57.41756566616983