1.4626992813435147,150.77000047031981
29.211349648234386,146.0338631942615
31.300921359478973,138.26219045566654
25.748450126653875,133.27485073096798
30.408740414524242,129.89384469426483
32.21931217484159,128.4651081823581
30.887529549038728,117.42537462302224
28.086551951516523,111.05808823238206
29.999560945052064,112.34399451254555
30.62552441356617,105.35288107831809
27.994357070655397,99.62021063153354
30.584679133931477,93.93114644358202
27.843414420906104,90.18904686197122
31.958797941863363,86.49043627618845
34.719039201816784,81.91608057287188
31.801116275958336,74.56413446021357
31.672455649587754,70.44824201089563
28.749384313507345,63.862235101974605
31.209351001636954,60.818419763867716
32.25866511022237,55.03356630526698