-2.66511172530601,152.45664665008752
28.000973780212295,145.3175273598074
33.881639578347716,139.9228567210771
30.104175932722875,136.55777857990324
29.368714820499314,129.11814444423462
30.982736812863447,123.69767610735852
30.116561383351076,121.15806493192817
29.40589130247755,114.02361952835555
31.642010141421764,110.58789505825155
30.318168976294174,104.9259198742467
27.449779078159263,101.90983957408255
29.420316320975758,94.44111288437843
30.355576795411242,90.19270283017542
29.15942306080444,84.47957272254293
31.614958012844404,82.77802253795845
30.04399875666319,74.48743652667767
32.26681051800101,71.72924122677114
29.19078190963211,66.37455736417475
26.921737927673977,56.6125414485246
28.54429754250266,54.16591487313352