-4.155093009871603,149.2149156853312
32.15047607255009,143.03124276133104
32.02553721481164,141.23547539508365
33.576429825233305,128.6813628286146
27.84142661099241,132.465538003216
31.465714590857683,125.61653154099453
31.33179505390917,118.90312393998832
30.423997581253563,115.9763942801243
30.236958291624106,111.65216347078785
30.72550954026139,108.3935414166696
28.848101449675937,102.06480687721675
30.142542335487594,93.78259388426419
31.29830777005819,89.09681214214807
30.77212354702865,84.69430009547544
30.732477138875076,82.43382262219872
31.257137076725485,75.6077303605407
30.79205907680042,70.39361673314765
30.86099981379285,67.75742125173221
30.793932634992554,58.584956690897144
28.548692810570955,57.27711440165401