3.7026594831923885,149.91810142175402
31.298929352725686,147.50013268004207
27.370934821281093,139.108968742562
31.20137892091621,136.31908022630552
30.428199638894313,128.27695973743272
32.71431568001621,123.05778164303156
29.78323367758379,117.07294195408453
28.53940242718825,116.38805567421032
30.040675469053202,112.67671123507871
28.828595149734003,105.85158867908521
30.88383130331868,101.82480322409614
29.487660595154804,93.1246818978033
30.285472928143538,87.66232462504149
31.88482062037764,86.11396007267628
28.055626577526972,79.44411126723371
29.98040257693182,76.7161896345428
31.07784757923727,67.76384561079492
23.520830369673625,67.69009235831845
28.693484002321444,56.19181485534855
29.563641453384538,54.75088420842347