-0.7368585622751401,151.90183758784136
30.791343548607546,143.86980817257444
26.870010121347974,140.88200290420474
31.861806231184058,134.59909844701855
32.000545788710866,130.2397573744601
30.312504619052657,127.4713254866106
28.48174493579011,120.96932803889804
29.92600330149924,115.15962451186786
30.936361863104153,108.10926976675087
32.387505180454724,106.55043284159392
30.613659806896944,102.09946072437852
28.713335203523844,101.12688591357569
28.52757464521413,88.31354141288577
27.072216859776287,85.33607938906589
32.559347843780394,82.50727797921859
29.957382016197844,76.86397866173738
33.26511638089727,72.11138958664726
31.35367491931132,67.56343515319935
31.693566129180695,58.7060030917825
26.50123896746515,56.439241007455756