0.8738751581254377,150.6664868815733
28.495943156237555,147.72806740312222
27.685730055020684,139.09781412567966
31.931913560128994,133.72071230023903
30.29377904125387,129.70048755777628
30.266125238354107,123.67467205111888
30.447549914267892,119.72406144678187
30.490443552485047,114.40993176908782
26.6007212579518,110.09427392255012
31.054625992356094,105.48530798153753
27.634294067995707,98.96431603939277
29.382920683880904,94.13406422317655
28.63175377194018,88.7470926529027
28.749388421964476,82.79545559605072
28.735195685904465,79.10811094885189
28.096115669052757,76.73399762030941
28.42927598184494,68.95286063660205
29.83575694246055,67.03914369892782
29.401435746822102,61.2646328748731
30.572642785262065,52.77908901541454