-1.8389200902217884,148.74229812837433
31.752583017110812,144.91842349042895
31.921602041265135,142.6844825175421
31.387876410507566,135.307684571956
28.91905579518637,127.16270064633352
30.393292342473195,124.54280452471944
33.78975945968205,120.27760270112934
30.854551376209677,115.38580378142393
30.49432101065059,112.69557063370085
29.321689913290033,104.87525552028843
29.645276711479777,103.6808811469908
28.735735535195975,93.33017684164182
31.942947106843718,88.26915560454897
28.887897845450404,86.0052015271443
32.43245253120467,78.83510525675509
32.20430514102834,74.31174174685508
30.484853430187542,72.2955612653095
29.03956994312266,69.72247482237351
31.32439262995391,62.60650490213594
29.818449544553445,52.814260375316074