-0.8160860002024936,151.1042301907438
30.487600542784175,145.63826417796935
32.68890847806615,140.25780944826013
29.78465012167814,136.29555242382784
28.880702242199263,129.24392262822914
31.23429253880602,122.48791125200198
31.035385819448816,119.68410351061002
30.995890436772907,111.18337921835277
28.06197606589283,105.85346125966446
27.756541445139334,106.19338830963552
26.422695382736876,98.05391921469709
28.515225031602796,96.10278749392641
30.852896684829002,92.09689275557778
29.25481832218809,86.96042930604679
29.39228727319722,82.72563151282615
26.541213060560374,74.42015356711941
30.55172134171117,67.33385245791176
31.068118797032767,65.75506026660481
29.686520380756825,61.35994716748647
29.984397340029215,56.98531814724936