5.700227305827186,149.00185139069995
28.267336021596453,145.7109265878847
27.310348300179246,139.77989956313402
28.58725666347062,133.1603166716563
28.23495431908218,128.5322729649681
34.779347279342225,122.69417590281991
31.89170185428712,125.3586364820908
29.925771533229646,114.03602080467503
27.17171692195864,108.00663833853065
29.638493860992064,105.13131041634665
31.418748367792727,100.77749850093709
28.414114329163628,97.10398572466418
29.553809084484723,87.70356174524595
28.393580737450385,85.86104468995376
29.49432784353659,81.83835019169605
30.07482628243789,74.86783227051238
31.49606296501762,67.58998249380522
27.19683029787193,67.10157009287946
33.78974189493803,57.638824616597915
25.92480040353842,55.29164178665876