3.234415456175442,149.4351886077189
30.28084921367321,144.45570355114984
28.934140363347638,138.0452193741291
29.461379297798125,135.1635018904717
32.225750393813705,128.98355709737012
30.31755680865373,127.18384368390535
27.473158970088008,119.8340097628671
27.06353660402756,114.45013569045886
30.92983233765185,108.8296521007332
27.879667613612444,104.23907046665624
29.2143627295307,101.5360609766014
31.56853701625126,92.66522345004206
29.648709181864977,89.63887145093025
31.73343342010862,89.09124932476128
30.384876303002933,80.06328814303654
32.69171738642325,73.06324071917346
34.0217866013349,72.65593193955219
29.738501451898646,63.04959578579349
24.325786369107327,62.19866334735122
29.156262614265874,56.36744200130694