1.1854494883367126,150.26250902039416
29.280556673619074,145.02655973544287
33.865640999671186,137.64676926536484
32.072640264891234,135.04630409515113
30.292694911651477,128.69854887357442
26.950189712436526,126.09537896310525
34.37877417899749,114.87082504758006
29.517390955975525,111.4288862680451
33.17103052234496,112.01466731738634
30.91862003208638,107.40933664492063
29.012947950326485,98.60933140239577
33.29628702796549,97.181028991359
28.178980689556823,88.78634585088265
29.39486142506267,86.90440955499535
31.377379634245724,80.19130032803403
30.7545736523969,75.88915420132142
32.12023804956052,67.00204527242943
27.035634897043582,66.17951148197784
32.01818318928946,60.35164937744138
30.739602656544445,55.103401517312065