1.5596344614442106,150.38624698636275
27.500732068447093,145.89376124000205
29.89390849157809,143.1201028406949
30.57187040552709,133.87241631507925
27.15806230907574,130.04205824227523
28.22796896196565,121.388386650505
30.26891268675588,116.38727751396303
27.232394292553295,116.71092810667444
33.249296026689365,112.82703901919018
28.795770508872963,102.11686791505653
33.07950531898135,98.25222806149968
29.050041327684045,98.13166048135918
30.115669581043246,87.56799690022179
30.811625120561708,85.2220216560868
25.654011832587294,81.4542899283895
32.30187543524505,74.33851679813081
32.02013021112626,69.15342896634333
31.554453941272218,65.3259626048569
33.2164448839248,58.95634855968711
29.569540547957818,52.35059187951136