0.40956403141835107,150.18058869831458
28.974432133014155,147.31191913461763
32.53195904267112,143.59221870837524
30.28232520932496,132.8079995781243
31.425809974191196,127.15433989698755
30.698563268280218,130.73990082054374
30.254485645456548,117.02898048957627
25.174802126370732,113.14767413277856
28.32718700094773,110.71207353039546
31.63038606643888,108.65717239449295
29.084002519914222,98.85242742818843
32.67579553861333,96.72542328932482
32.2429370653102,89.21899223685921
28.528902021520683,85.763256473983
29.68310642208612,81.1485918120853
29.13348589975241,78.73844021693895
30.771676314403848,66.05116465558875
31.307533931406923,64.21214726472435
33.18747214961765,60.21706188483886
30.479306865056394,54.66146277402953