2.7823587779565164,151.36251501266042
29.381012977555052,144.47734085308366
28.96914770362951,140.74786664687136
27.403955991945388,134.63237737488805
31.206329910661086,130.23036608140788
29.0383973221041,125.68608730311847
32.29637585474879,121.7039111204857
31.05218291414755,115.32174649837351
29.19265616611355,107.58808896670855
27.34041712125242,108.21445844301586
32.98324102899725,103.36970421098476
30.97276036223829,90.4711736577116
26.636396156221615,88.69115043765652
29.606826839793435,87.08709125840907
27.736127179726743,74.37226713005225
32.625402671931695,74.9321541293446
29.911384796418375,69.63142663682197
30.204746936835754,66.64781817745762
31.28074870342929,59.76965107890842
31.786310078197268,55.59566173054036