-2.0922940943490644,149.62244167383997
30.835271334255772,143.51465834936323
29.36088768244344,143.36826104524894
30.257456000789627,134.92404461472472
29.85215277561296,130.78752663529522
29.98310187440286,125.48743369415403
30.777582256747838,118.8978809253944
28.525053984898086,113.27546194453784
29.257750668927123,110.31578034137631
28.52302672485978,102.0864479813146
31.26403278944312,102.39705954149409
32.42711626380863,95.13370673313366
29.741589955393998,90.11332148497826
30.22483099477253,84.58747791623759
29.583304230890562,80.30248106522544
29.647867840839844,73.89297265235929
31.384493504596357,70.04520098157407
28.36258375680324,66.19430359515758
28.603853572509287,62.501009702046574
32.22134898270864,50.237955517774594