0.03389965060334896,154.64559475380432
28.80497176950576,143.99929299467573
27.466320182492822,139.1540395242553
28.97156297762796,134.44183888282166
29.18361445622138,127.11690854450651
32.11969788290562,125.41518819328232
30.970460833423104,120.27525265553311
34.80154908405743,118.05368968423335
27.335947713689016,110.11038873477956
34.44693738610157,108.34510609318463
29.338981888341518,104.05715850591865
27.671166912353655,96.79226609850524
31.03220264566596,89.93824451675296
31.200431432060437,84.24081619348519
29.06017283807222,81.57515139273966
28.467024850730144,75.47322274983347
29.46208875376545,72.45835340934366
32.66755385474913,64.36562276734081
30.06495484224835,60.00233727607004
28.991643145646783,55.6083466214237