-0.7688729764592316,151.8465522244453
31.226670378875802,144.5501173377997
28.336719876400018,137.9002549126156
32.34106579201798,138.0025199520049
34.59828171179262,133.1105088826155
32.36697194981172,126.4547193351094
30.672491900862433,118.50165334962684
30.352559003560458,111.96549157888725
31.475215574170292,112.12206230229273
31.516675884974074,101.48306387173038
28.97567048687546,101.1404441254606
32.32264621465158,93.14971280766379
31.921363986451723,90.62118000927381
28.121682167440333,85.6204619197291
29.688355475104018,79.00486338603618
29.865126030534494,77.12656214733809
27.908592466996524,68.97154059243533
26.752098700326986,64.36560264507426
31.426612618187352,61.547167940485394
28.478958951353068,54.44259865679408