-1.285837163156804,149.61315081249373
31.608319025373305,143.83556654229858
27.506591052951336,137.38343330869492
27.789359509285028,133.11575680460754
32.75605925452814,127.98148510744765
31.475549631746507,126.25448704733888
32.85433611753411,120.84972140958259
30.290616168886856,112.48430629336627
31.77296368342891,109.44799263734323
28.790227162571256,105.4505915342834
29.372049481582792,102.19022261903726
27.79256224933347,93.89191914496024
30.940700201871714,91.33450764687979
36.020741905803575,87.52565459464013
28.364764846479343,79.74305303521446
30.495292510753078,71.66824243920635
29.709045607550753,73.80206268582795
27.691883061194908,63.38383594931484
32.13445188844557,59.51594377094485
31.222337500005995,55.61612324870479