-0.39323304330661635,149.33700319495586
26.550675796355236,142.38444708767997
29.09894353008193,143.4549695824171
28.08066193368336,138.23745735710443
28.93605425096151,129.22571982274664
27.93011135955529,127.32948845133312
27.653517510568037,119.82115122588672
30.573907966529497,113.87808519535831
29.331472337850588,111.77285985806162
31.886217512822324,106.43682559449341
31.1865860509858,100.87131451288248
31.46935029426867,93.48122451010744
32.04282039794511,89.87114656614811
31.635807070990886,84.09028451612615
31.09392740586326,78.05013910859984
30.5181958245193,75.34191415492693
28.3308499843212,70.88127843713521
30.08395467991282,64.64005754586063
25.61328517072572,57.67778899505906
30.438028493909748,55.446219306950205