-1.2162012877152284,149.5210254949782
28.288965855712675,141.58161713367792
29.76363506167786,137.9889448151762
29.12858224688631,134.9872953280014
29.242052101761587,127.4232176684442
27.88704746503581,125.34735585766389
27.327626656528473,122.33161188723861
32.0535039938672,112.63510208869407
28.1940739174873,112.23151654464822
27.913579531949516,106.20321050101815
36.5558602944847,95.94358790342817
32.47473094481835,93.81272382563803
31.43547213892794,89.45438737128484
28.298098217794866,84.91638837873523
30.82715559839285,76.59683050100706
31.907086935010646,76.82334197583329
28.111272592251503,71.39551209389957
27.072725437957843,64.27417820300269
30.32795307470252,58.66392969504851
30.151385853482516,54.0560447580829