0.06353868922643839,149.45693045054057
32.98014210530392,145.95198672309706
32.06606378318778,138.65283429204095
32.86361260218225,134.1364622301732
30.61120490672966,130.38939116181942
33.12088778342334,126.26200429393896
32.15094737065609,116.00290805591933
29.271301087286197,115.74421983077494
31.056400418762408,111.04128725989464
30.65276542208989,104.80483821028855
33.84966202797659,103.6879163386519
26.487345032666102,99.2276225712866
26.68298133076753,92.22292885574971
28.482628218700565,80.09002637026214
31.054413482459193,80.68869540587565
34.458076467122325,78.00514965437175
30.74519224984998,69.9352676777697
28.543381948242665,64.24999181772483
31.760921115565406,61.029279895993994
27.986890141225288,53.14249814858639