-0.7860723186854012,151.7037012804746
26.623966942306758,145.73655190145882
27.81089185956264,142.14054242921952
30.337310304497986,136.73110928039472
31.91423097580324,126.49646013996242
31.21059445945201,123.79097425875452
28.049117692809723,117.7184785355387
31.858007592460023,117.50724339575471
30.175848891272793,111.93287796803452
31.223226937047617,104.21123848969285
29.49056538424247,101.81247961525166
33.26404969812821,97.22772186021605
27.003158534498517,90.34004677355226
30.990932020100484,84.42999524341349
32.35663001298242,78.26625258306237
34.99367676689381,76.13773616342036
31.062583133884047,66.21710532724856
30.069293643005484,62.884457080575594
29.258543008143153,62.14270074769332
32.89662433231385,54.28424635485565