-0.7328602552653349,153.2139600408683
31.448450346756616,147.2045964517216
30.058353256180023,137.3818404204005
31.756201054382412,133.21078410578173
31.488065343002123,133.91624657519446
28.131962292593332,125.67137014471723
33.77249023828728,118.34337552657111
27.521818418306655,112.17587315044733
25.89358824134929,110.6339786221489
30.30913139298975,105.2586147894846
32.01469235896354,100.32923689245855
32.032940218073904,94.1076527808587
28.033685305039896,88.34895866105691
31.072531387778685,84.74105514083911
28.16005892200451,75.62376771386424
27.807736651319907,75.2984780290991
30.88947867519131,73.4239526531732
29.17719035073977,62.91050459771536
24.966925818678817,59.409659072973334
31.675826930400554,53.09425273881225