2.1541510165754194,150.319970425657
31.355500597012735,144.1252657190638
32.11793337600573,137.59570937514508
26.0508323032636,135.82803008007295
33.53441326457139,127.41138394059358
28.612899059850402,121.60680245940598
29.922232156940925,117.40981845855063
32.0154666956908,115.06402147683296
31.019826303813467,108.59859117007888
30.47200100627714,107.4141538944421
29.55367430815077,94.9179937367194
30.872377960809878,92.26775234794552
28.095427492960116,88.639018189996
31.109295219126007,84.2510389682962
29.80672346458994,83.40975829862022
31.657367873548456,76.0077265820363
27.411034683751645,70.56358129805587
30.498431321678467,62.5156226473211
28.34240990055522,59.751183566657254
31.91213290357311,54.69327582941138