-0.778838492052682,151.4692146195347
31.66286935194546,147.6388866089988
32.840433688479436,139.95027205836348
27.315240138853184,135.7074092354736
27.564134175723165,126.73965144064776
28.18285116026588,128.5040276180228
28.29409414330545,118.94092294866479
28.536953001994345,115.27206009539263
29.275923540606165,109.5495126296219
29.04291317247946,103.537504325009
28.707699460453068,99.70109343415959
24.077778627909225,93.17147294149288
29.757920959013568,88.37858246856206
30.507799902123963,86.35713351129563
31.464327243907967,81.6401262894771
30.152816549485312,72.0051249295975
27.368302495555163,69.96468770133207
30.379074180283222,65.26835569774866
30.594046905169062,63.22404678040187
27.815530353306244,53.60526024702858