-0.012761799866736576,152.27312473144346
30.044858672646125,145.57237700955605
33.397810121436954,140.37845171020876
30.46103037153541,137.8938390876613
32.10790723081461,129.97962973317075
30.282991690934196,125.9535951886472
35.13526326149479,118.19415285661628
30.76640770191352,114.60094632289102
31.02295766601284,108.54164735601765
30.122970883378862,103.14636208628454
30.225836803031008,99.23750755012462
29.94219708992516,95.59391677402427
31.073400209569897,89.68117975383859
30.73442965636089,83.67922010702559
28.687202586396293,82.10238402284904
26.304886394956906,76.72867584711625
27.343231868623462,70.03177760697392
29.034425082835106,63.70816550187306
31.55168102031,59.306760146584445
23.497079996440096,50.9976406880634