2.7063315056371504,147.81891726754225
29.382955353364956,144.62835798906207
32.26622481898188,141.56974592178224
28.520567240616987,131.59389531008924
27.182431299344294,128.20567479533295
32.99427258610299,123.22806361621097
29.503279381634854,120.70527610142376
31.049023757553513,113.85580134280873
30.60102388803262,109.22212477456662
27.83446906749689,104.3243532187594
31.076716026481677,99.20325917047826
27.94152987981512,90.82554854920865
27.50460670936663,89.83399199352124
28.52143468106602,85.54949283895004
25.698872183237704,79.46226332290696
32.57677109382084,75.38882400206406
29.853504948500976,70.53359134925832
30.993792948061586,66.25572836805529
29.500738248401326,61.17692461406543
27.28001163415218,54.847623423073074