-4.491821726901722,153.00182458465042
32.88901714602471,146.052408440544
31.06587398121485,140.199650878533
30.138339375533267,133.0709175809106
29.93864619433138,126.82337881897124
29.644211017086906,126.92197526859964
30.202586075617013,122.7010980987524
30.83856168514078,115.64728421299355
33.163143485713064,108.11063922937268
28.64807917316757,101.34197430737217
30.311437466688062,97.73618333216757
31.8480884817078,97.66119499654327
30.543166715599355,88.70719489518069
32.21198806314793,85.3469508348052
29.503316041178692,78.96468933268957
30.702030405358336,74.2643803164225
30.874389479469304,70.40466208841411
26.970246876163486,63.68040919264929
31.04478116860386,61.092454005360096
30.00675837540749,51.78062188523716