-2.864712711945895,151.40784113004884
33.85831219003369,146.2673600475764
27.078388590788748,141.84176088313055
24.144829352612483,135.341115213737
31.773257167550476,126.27136363765375
26.749450912629413,127.44875608710035
28.07139148426577,120.50894664912175
30.828775543280038,114.48779971199424
28.444435168760716,111.03007545209205
29.49447663441929,102.9026411338112
27.853041333761606,101.5881554071529
29.757612073404314,97.19125630646228
30.161591558107624,90.20975349835032
34.48270600280461,85.7888779868237
28.253883025798476,83.51368266485372
28.224438138078582,72.05351147449514
29.390962032787602,70.26763207689864
26.221056015433184,62.48550951850065
28.68453278732273,61.97811983741737
29.653227035200793,54.829112851122474