1.3280473805015107,147.0139606308382
30.485417290867126,142.72259934494906
33.08398356149163,141.1438677639907
32.03717542222451,134.53165247164424
29.744117304159257,131.5332358349038
30.237534117618726,124.9693571762468
32.13186131024607,118.89767173540554
31.21411040921366,114.1025139270671
29.209405457494114,111.04076895765319
33.88498016508499,102.94988990434035
30.94937801882494,99.39032068161907
29.808221345764395,96.74896048022926
27.37820791109012,94.46298236561273
29.044678782879906,85.70931932425876
29.08601161859611,80.72299322109711
32.40009526995152,75.28113300312029
32.58099028622437,69.17167005354368
29.013979450275194,65.96283432239647
27.54851153965402,56.45588284102792
27.964389308832686,52.98570616214686