2.46900956923025,150.66486679767903
28.629113293170114,147.19646745683133
29.13362777352693,141.46983367118446
32.93834543563069,140.33277263945422
30.62326774080517,125.56822149118395
29.113498817072774,125.21462113482166
32.121806889972916,122.05834488334132
27.899425227138988,117.15552912132037
28.195592221570447,106.33921312336506
28.665670252064512,104.78522147262339
30.22472681275252,99.91889265961608
25.116230162590224,95.2984053477706
30.71389513469334,89.95450908828393
32.56058480285798,84.16249455658598
28.425563551416623,79.19695185635501
31.83029941834697,76.40005460961403
28.422312439023486,72.78450794407843
30.51895684524148,62.52035454000877
28.1932660128058,57.06036808150657
29.21122445445265,50.73258254236955