0.39171419309483263,152.41684094097337
32.00601257122456,143.2499560780206
29.60892940238628,137.346047319949
28.07734146768189,137.15014666846457
25.78294877571856,125.0714239910795
32.842902615962636,124.21874925763187
31.332227221598384,115.37633274576156
28.69543016879638,117.34289824716979
29.44723628757607,113.0812271904162
33.31411871168653,102.52340825802429
30.940909802879958,98.14990376383341
26.573596021552447,94.88364413173949
29.40136631819139,90.5579415871072
30.27147319731565,84.19067121005669
31.075387854459777,81.03819768155843
30.7242416694335,78.28008005182957
30.855927658938988,69.940181162632
30.373023280149585,65.17081559354914
30.073142547908926,57.688825099748165
30.64588625175235,54.81428738796724