-3.643781862372334,150.03275578298908
28.564819555067967,151.13832906561507
28.82251515090144,138.20963294430274
31.27335886177298,130.84844111830907
28.744327969638658,131.33407818109268
33.4628215584884,125.85552407589905
32.0287388078846,122.95019652324896
28.507419649712634,113.4598695846232
31.97535239541923,109.52087098769651
30.114099749592313,104.79698978571791
30.976207108121606,97.8508536095869
30.145848036563418,95.99659663768365
30.88171725612398,90.79957630711208
30.274720501243,85.40068507257838
30.687220828162747,78.61531933747797
31.008516565548998,71.98323341820337
29.82627849002305,66.41073898840428
31.370108617173347,66.65002174399434
29.336890873663307,64.68535758169831
32.73936161853651,54.6759132050937