-0.5585442163590534,149.45357084487964
32.54441725867222,143.28751267598642
30.56561963714241,142.7298945112512
30.526228776384126,132.148530194006
31.003855289495373,129.52443014121658
30.959030799184355,126.30949355871462
30.747777871385374,118.37689483810435
30.829289983204745,115.23204677024837
32.974138340749306,108.55561317790111
29.276722141018272,106.24678527672941
26.02843719529904,101.6515295747928
31.604496699185237,96.4789620595135
28.286138499034628,89.18809719237923
29.581774409696823,86.77923332601544
27.403989981400454,82.15074669200047
28.857322312945023,75.45761223968145
33.69703667304151,71.26386591838182
26.454726810744642,64.90968385464018
33.24138684681914,59.25523076378208
34.12049710428797,54.86852649977919