-2.598104543110444,145.17809646867474
29.34516597086482,147.27367740638684
33.4759132949249,138.24294597748758
31.611713711908692,134.41935669355422
27.1387432942111,128.58218185855617
30.37115658450596,127.01046627735771
32.11704245589848,117.04743998596061
28.364306638608618,115.3753424285521
29.89497064648887,108.22390085019626
30.55401792754445,101.84961924197594
31.033293552424347,103.71574703844006
31.163299044420754,95.60480311966221
28.10511223276298,89.4308995340167
28.415783349106746,84.69302690724247
31.48019236023965,82.29714325874806
30.874072080377104,75.38225468360115
33.505058200337274,72.39764027124163
29.265643657344427,63.73333986980901
28.24356213868048,58.46670817443528
26.332373850317424,50.90345808063629