4.862281006562986,150.49570952867532
29.49918618965197,145.21483438507977
27.931751679049178,140.49362735075076
32.72585004422325,135.27099460912427
26.93003847421737,129.77084640740924
33.832162361304,125.47677691661119
29.805485196954,119.95910648120993
27.701142044870263,114.76217603555745
30.10010905315544,105.76030840914544
30.254627207143294,104.99171769770592
29.497689658109813,98.98039810908907
24.1959742168346,93.46050520282157
29.60888898333697,88.89577713535202
28.247479609147536,80.9728291475041
28.452601392470296,82.44067216123882
30.066877858073013,75.50970622796947
28.953892027070406,70.64620373379752
28.577482011407195,68.38579330714356
28.36265761584256,61.23788853548059
29.805342155838073,56.81592482095693