3.175054937800954,152.06208763340885
30.313177557201325,146.7798277477411
30.122429165660787,138.35142951678222
27.000642045717324,133.69749634299873
28.583448525699126,130.91293671823402
26.787253640803023,119.94443108997442
29.44081635038613,123.2602141251091
32.65641001829704,116.50908812544563
28.412826379295602,111.05297729703119
28.479081987199635,104.50115338820794
31.337280179639194,102.27231606451791
31.67595026636984,95.70109828779991
29.885072878465067,91.19936147910339
29.40976499146663,84.47384150359451
28.81319780319424,76.84399447701207
28.75812176433979,72.50414847540138
30.77717427010277,69.16535147100568
29.386777997589142,63.22747678723939
28.913707576599307,58.21835308500107
26.171535274475705,57.691114871394745