1.6464125155327551,150.05376499767732
32.436287698024685,145.16429109792645
31.748231181649878,140.94956690944426
29.106567196203176,135.99668487909474
30.534701714024177,131.31627580908156
31.388734596371336,126.03762976664305
28.87825590804778,120.56969139817252
31.406536726689012,112.3009539802948
35.73367421156552,110.0007686691307
30.937190700664836,102.53914307656932
26.04037507539851,97.20391020834175
32.13985714402341,93.20674399583625
29.022781429561114,92.36211646041757
28.193166322048086,86.00745968180527
29.81053365494507,81.05307595960855
29.292093099328376,76.20569314811917
27.86232554569462,69.12048140582742
31.084829575247078,66.17906011532584
26.734187120503044,58.92188906164396
29.738054410961105,52.11827235260934