1.646486407461573,149.64478491599573
27.078436842153415,146.0104128173722
29.66163085753377,137.09442637994448
30.113353441151634,134.41220952087383
32.16686061184567,129.40322216518155
31.661765001655958,125.04660514507577
26.90743720954085,120.14081718985771
30.579601851476,115.20880874361205
31.00347315952165,110.85919521942051
30.195434153587986,104.84928431528799
29.066178219499882,100.51057855459152
29.236271089223408,97.1780004518669
32.3015058375994,89.10916675841246
29.73603726859143,84.3059024405413
31.123782346119963,80.01113493722788
31.416601832645622,79.26989292434384
30.409315107777747,70.90421327185415
32.47737736222529,64.78915011707359
24.847378712476974,60.73664860293218
26.368767437608305,55.812196170984706