-0.26623712751686496,152.91804282953436
28.16570518116271,142.4823682508329
29.33942796056841,143.50102417817308
28.598838066523268,133.70708579974144
31.55462241201575,128.84936241427582
29.03551367306902,123.95391939746438
30.25973758324625,122.19261514826619
28.672545771967357,115.5036592238107
26.030839113605772,109.92148644742042
27.996981652055492,103.36434004491501
31.14381603824406,97.32361425931519
27.107444087604545,95.41466107410199
32.4767371726138,91.09070442634626
28.423781172811623,84.64245771550863
29.923964249322857,82.55866898064886
29.743784147574203,78.32416073118729
29.36493293217808,71.71738038905545
29.555680940784875,64.69042380496396
33.7053690383497,58.86527528389347
31.130567074702963,56.513641273928926