-0.13921191194854707,149.32780019558453
28.667303191588356,143.88214524311084
30.84038390620613,141.39661562169505
28.74948647564822,134.41066803934834
31.913544735898384,131.70939130540222
32.53501482481648,126.38327264040043
30.761855923515398,121.56075720293956
33.387032404429206,116.44632036036143
30.097461540312278,113.64690767753457
31.90853548815747,105.60817988949948
28.62488059412933,101.39522214093255
29.72842888077988,95.66999644543357
28.17001907831466,87.63309172638665
29.440742944915474,84.92189164604423
30.31394427023337,81.94530049378882
29.426251534238432,75.12747260438039
28.44112602062649,68.95653728641405
27.682636781455795,65.03788013533307
30.951333393187138,60.74475349003712
27.11801420365942,52.245332856969526