4.3975266480722395,150.6438677915629
29.643261026672,146.50115551233628
30.356874476257833,142.21840697551067
29.843990480834144,137.02758303990836
30.34058418971118,128.37585502960863
33.16805612855068,122.37551342249084
30.615174193860057,118.23705591585072
30.102282078782554,113.46558839467862
25.493090814287996,112.25033764014016
27.677095518738188,106.51890660656031
30.97198056490562,100.82191050391643
31.600611545632045,93.61117878865457
32.306888464296755,88.2986496021865
27.166398476333377,85.03258806369236
31.727828964025083,79.37383589689742
30.26201374662251,74.24358511314189
28.824652203833676,66.63624158386669
32.537631597053114,67.63032015794751
27.027155766815024,60.395283871662784
33.86355277758185,55.82530016449478