-1.1048371041287337,150.6812845099855
28.13230614476316,144.80302932168516
30.64937810091813,138.71102429509128
32.64899700531178,136.35051868512284
29.604245434421113,129.61797717270494
26.30195353187338,128.572676048502
30.021336635349286,117.80543737156906
26.131088272967904,114.12557058690808
30.847927233485663,111.83095273301828
33.59501385302421,105.29111899055258
33.79929282799654,98.74020267250269
29.416522952561852,94.15954546625372
32.720871060860276,86.84895382727021
30.567616654297673,83.26237607453758
31.347349770124737,79.50392349410595
28.811606865765853,74.72041192318552
29.648116356522074,69.4613551393305
28.77704716924136,62.9089215304321
29.837770474738903,57.04827347430314
30.621702668612514,57.85476719350376