1.6443355584869053,149.31689250125197
32.66092175901161,148.6116871033475
31.94202051309636,141.4660423273591
30.696255773488108,134.82494832835926
29.72962017511411,132.7210260479237
28.79567198672067,125.66055548649454
26.766921609795453,120.22733510158558
33.87321733827377,112.1505122249801
30.93668746353154,109.58685196808054
32.56649682654336,105.99196279262085
26.343205873972273,100.48020981414892
29.68877590965926,94.38306781879773
33.33389318726953,86.91641775448113
25.74635843873148,84.07525866921988
30.44191079810037,78.16056449896324
29.404113659685844,75.0038131477723
29.843813254234295,67.63541051327724
29.723703516650538,62.98042309318796
30.86865748426118,60.9120180626134
29.640690883525714,55.56778046857215