0.008858884396215934,152.44672452036076
28.380170992027693,142.5941305838864
30.719411194146193,137.06725495705766
27.605296461169388,137.71955752510826
31.092406128862073,134.69467243342973
28.886260036665718,123.34159929245924
28.938371219926292,121.11080353771422
29.466596317923663,113.31555153754101
30.413699873724422,111.63009052266223
28.96499674343269,102.95427491913443
32.549608239971874,102.15349132321369
30.157249039856392,95.48661937672689
31.136710636375597,88.62869826935406
29.9554687708337,80.91656457405736
30.572359274579114,80.51421486820257
32.34918718068345,74.02751664268608
31.280318825030594,73.97432796085556
29.773856120830313,66.729669666424
31.201683753482513,57.013834557096786
30.41823292226824,54.955071232137726