1.8415401800521645,152.45771235505518
28.516754598217304,142.55555786630842
32.4477119636531,137.136031280467
30.52387181587028,133.63517744137266
30.229434430695683,129.41939628917623
28.65871054514676,127.42733705843072
30.239414101632626,121.38433041457586
29.863555577656015,119.94581245407394
30.866158850271155,111.95999081137212
31.04181658449933,104.65400227010625
26.434762453922133,99.85854125502298
27.912543685900513,92.0848412544763
28.58132839799444,88.11778510163796
29.231860373348198,84.96306413556488
31.803432765140812,80.78450913093945
29.171268413641585,74.1178577029317
29.184125032345776,65.7460818231449
27.689977278257544,66.35007833920174
29.01282254549333,59.782070308155724
31.880722168803953,56.24050675732797