1.460611789433854,147.38817937335605
29.407201690173434,146.68163319920836
28.079190726014176,136.71541403078302
30.19313148199481,133.15408119841481
29.003605584779073,128.9647264953819
26.066573196866276,125.13205500735629
28.400895052455244,120.68871113670836
27.95785148941901,113.47803575635278
30.506103456496866,107.13993819762585
31.79088002928814,101.34387243705085
28.303584763213728,102.13564243655478
31.24621711113369,94.78428293048968
30.140943046739746,91.9367300520801
31.673688153268813,82.99029947168044
30.463576569077738,80.51626998898502
27.974762229696196,75.88194501301733
32.32556688287968,69.39511982705008
26.605247832596778,62.444478021804045
29.414023880600613,57.25003004718872
27.85286026333557,62.85570838557497