-0.4577920650027563,148.16421356027658
28.535256496063898,143.24900008621165
30.393566482619082,143.0749689724765
33.075725577630614,132.0401785952731
30.017244263398496,130.3326598208151
31.738105072231065,126.78531774091154
32.06155324463636,116.54164816925011
29.085456303531465,114.05811189203571
29.433491425417255,109.66792462750334
24.974006728991217,102.63700034249261
29.479198818654886,98.72235881449697
31.743378816443563,96.85810549886193
31.991875068309724,92.45687122021495
27.239097776684694,87.5902222372469
26.152789755621683,78.33329556173503
29.86809627679663,74.17817984998383
31.120617934927875,70.64650042001105
29.928092598001538,64.6250632201698
30.629587375125524,59.32661271082262
25.905043822194713,57.836449596258866