-4.253802318795684,149.69983863959473
33.19762615391865,146.39399336787244
29.483683453594093,141.97981328727823
30.738988566989974,133.82882272474293
32.802743075906704,128.90122715046323
33.89932696526656,125.92043641249214
28.603496770210445,119.59220911897786
29.097269993669794,114.77679934047804
29.658669915744404,108.77916210236431
31.127024490008726,101.13553248946961
25.03586509365513,100.71665702409554
31.228495836658304,93.03506653843631
28.93321813691712,89.6458542844177
28.847689915240736,83.48773752953984
31.077986502590356,79.35809906227651
26.13498365820052,75.34901256987706
32.43859810160049,72.65054043199787
32.35727336880424,62.43017302596062
26.177433919198787,61.454924960017784
29.365624385465292,54.73381596447897