0.8669623327632626,146.9512643479799
32.01444636986942,143.39177776773488
31.051482516573408,140.72791861361648
26.13143192454167,132.8144689443064
28.412933626870807,129.71321451270458
30.761149764325502,124.3211678968781
29.523231406923053,124.33955198907509
32.5635695234774,115.17004276470144
30.960608959568695,110.0625777499336
28.09097159647733,107.00071566847218
30.462637268087217,99.64189446210172
29.937688350556204,89.65523988410949
30.964578130861987,90.37998408987511
31.800070467638477,79.3669837195211
27.891942623578196,81.58511542349225
29.802926494444108,76.20438354276246
30.087642375635927,73.3711719526604
30.991913426140737,68.59502809055974
29.31393826897914,60.215266197433095
33.459503929958515,53.541583472195086