-2.258530722274672,148.62806407140607
30.369790899354758,143.01000483414768
27.015631423642702,142.85311772911635
29.105086432649387,133.06488674035276
30.619209139000606,130.89126702743397
28.953047933718032,121.2346424927
31.81352921516929,119.05047418460688
32.17643276472152,114.83677166908515
31.183816113196375,110.99436931824565
25.99609047906892,104.97357012107496
25.27534371488948,101.17674832034454
26.91973675283579,92.41141803464386
32.496850247521316,91.72205414657516
28.105555121595124,86.05513788838324
31.82801028074564,80.75462471836477
29.497380156266917,72.30437738806435
31.352454360985245,72.11684970374063
31.54259378775108,62.448703984972575
28.250740850286714,60.84166370645911
29.691244935947548,52.64614752448068