3.7223882907950436,149.9958880499562
30.500959896871237,143.80888760636165
29.081799386094833,134.98626065399284
26.446452675846523,137.39506510959546
31.348813252136694,134.37167928253677
29.421002692284326,127.91021036781076
26.19574312577464,118.8567084062005
29.2001345338847,114.19346171870427
30.845320027858847,110.85056978386139
31.152201180689772,103.76855765819838
28.246082537299703,97.39644244861643
30.02040923983909,94.23323067674966
28.159670696890093,91.51958265645204
33.768462257501284,82.0957143246903
30.320848448504165,79.76302822791845
33.2955597842013,76.93838917335223
31.72545926506346,71.13719241406704
29.695911570109494,66.62634377153094
26.875517874940694,59.82389123584154
31.66290277612103,55.877245161214695