0.8353931116588262,149.26733491581922
26.562347547891317,149.29194303003905
30.153000757860923,137.96796043032276
26.60432986446318,137.00286393070007
35.63615612679547,131.35243768966313
32.395626580437415,126.88186852204358
32.96384113187326,116.67337873583838
28.304346293884365,118.30293011608384
26.78857094610484,111.06948433574983
27.696143704478622,107.56384868101394
27.760205116153788,101.88310669786713
33.73823720267293,97.53963357364397
31.289798065644515,88.94592710246282
28.65731844065928,83.38782155919355
29.847737089382065,77.70308835276715
30.177578612245266,76.3664634703862
29.454186242630342,71.35105922465125
29.598683354572593,69.18033728425411
27.599833111144022,57.12675892110673
31.460082743912224,54.146739387763795