-0.4156779314389224,152.287863030182
30.700828211927366,144.200177171702
31.58963980718373,136.8934527976464
30.860723847054466,132.68909118125566
27.55075201934996,130.98170781013587
27.015275398387708,127.77164869363277
29.888025911874383,120.2319341111686
31.765017831120858,114.26836983572213
27.55669274434731,111.97851948326661
28.745085513392524,105.34614775582583
30.546950863291126,101.28819908281811
28.158132427632406,96.55916551921612
29.127884979992643,87.87425354541091
30.423666313210205,82.99695598209264
30.55440885703789,82.44549795468572
31.014589375243496,76.38323192697469
30.72197330445613,69.19004872174683
30.489218351650937,65.55959419307142
29.56217425548314,61.51052471685596
31.809814756095083,56.150286706015756