-3.0315670220005293,147.17016218062057
31.462572108637172,146.39767158597132
31.038610071489337,140.42507716050824
29.353442523556666,130.79748842209654
30.73347675454062,131.66227718551679
29.24262478953466,124.55538527205846
30.66692801046814,118.97871957924573
29.233142468683972,116.44461878946237
29.418162430536867,109.12067128371744
30.043695982432155,101.70583121509998
29.107847277289835,99.53964599639261
32.180577006144674,96.25780287653772
34.72735439836433,92.98858353201472
29.483225479441366,84.56336964753888
31.79977479780158,79.76430054353096
33.39168817151845,72.56829134935617
29.71883674627992,70.57536772688803
29.22034920999491,66.44786688034365
29.70323006971876,65.70240635252063
33.654971156209974,54.12745900606649