3.949486732166151,150.40028390008487
33.93764751458117,143.7745524546577
32.34628557665862,144.22263532125422
35.118805735077345,133.272755385056
30.252640236540685,125.98265388937821
31.84469390313175,122.71491348709718
30.349164045441974,119.25523372559591
29.867951831088977,116.54765324558231
30.039800452858206,113.41098213394875
28.925512033088285,101.94667155120368
31.25399895968198,98.50565791420783
30.857924289584734,89.6121108160243
29.30322693435529,91.43246326250954
29.306871660067394,83.59601822583413
32.20713659781964,79.48187650887361
31.59214993681831,74.06565828128021
26.869276349554763,69.02451955679417
32.1938065446598,64.51777881419235
27.773079993902382,58.35169725419183
29.29062160833726,52.63406988873345