5.16949655768069,148.22243073122672
29.138387187129663,145.85736823567845
29.537983713613343,139.43390305287627
32.73410552191605,133.289671707355
28.762379373935367,131.49299037206137
31.124057161265316,125.33283545950576
26.72670339978088,118.87694050081946
27.65065510851957,117.65898539528192
26.876501968415155,114.42925637261698
28.573029805737416,106.06269024323866
31.653493850269633,101.06096388294706
31.231143126250984,94.11437788467242
29.276640061726944,86.88338960315589
28.169547491848107,85.68735067646473
33.364505185532785,79.83585559831263
28.764488260152792,76.19595077253624
29.257476179855935,71.9146459178899
30.15118409293322,63.00253822333656
29.802315259711786,58.28305059862191
29.378015738866267,58.50095001239267