1.4415080840067012,152.89471609770627
29.0562858414725,144.78866888097343
27.057290544649675,141.29385482053945
28.065647503872313,136.1263369122751
28.784955308488076,130.91574226553348
31.24783551631805,122.31591673157928
30.287951889372717,120.0659778209887
32.087425682956166,117.16143900938715
28.272622735492583,108.48289021740989
29.328512022008308,106.2927037708155
29.028075650791212,100.27338834346963
30.25271137614208,93.23976890586165
27.48228529328092,93.15631011727274
27.503187047508735,85.14255136923745
31.590397226549275,77.68449770442615
31.878220686502583,74.93115663207489
28.084815022281536,72.70848921274893
30.787631644768297,66.42343678641055
30.147469679944066,60.69627622387982
27.113791485049084,55.38111969445685