-0.5078486483971517,147.97880004678083
30.154542064891707,143.605708835244
24.32697574566137,140.96496678144544
29.904430592604804,135.59129118157978
28.892830084187224,132.20564488250088
32.351812501987226,126.0183067179339
28.183279334347358,122.79935444959105
31.30997279183804,110.96530334059939
29.554079170034054,110.92736275869439
32.053244001075775,102.58459777019456
27.8564584191122,100.0610464651392
25.474153545293042,93.58469407764859
28.69918673988054,90.02403636734313
28.625708672620693,88.56721988534807
31.762688682626997,80.6706400559323
28.43536637820239,76.00984127745465
30.736853680548492,70.27400666492743
33.42048717420127,68.1465513074346
31.13012359875396,62.18792454639058
31.981637373078797,57.043839392943994