-5.320443417712429,153.48363479765658
29.327649709450966,143.28981954669598
27.99439520790066,139.08436989819225
26.783815004889593,135.89364831905996
29.88033333405293,132.15652269596893
30.548956217842864,121.34103834037283
29.31913627185962,118.44590738357662
29.959253793230506,117.58774391291014
30.09721173392421,110.55821652093849
31.650363955175113,104.18542203108063
29.967993096208136,97.18223531408859
28.373933711588265,96.13088187940485
27.65672243480759,91.35961458324755
34.39679642939381,86.99460044312036
30.788438326557277,80.27209877829236
28.143146981158665,73.42764037678506
27.724755807474903,72.76109455229818
29.437388615762565,65.86045141346568
30.442629430420045,60.77876250449131
32.58055958573782,56.897513086894115