0.7065306375604146,148.5644516633062
26.89019109544817,149.87961699509682
33.256788226875386,138.07625817424204
26.890205699321452,136.5909851213043
28.625454543805578,131.3569402652533
32.99774452734908,127.30699032515552
28.175674637155055,121.10039737826331
30.741890226273892,116.49345586452553
33.45479798502065,111.35006448322817
31.38274709590808,102.60585078710028
29.00533201342673,100.81742018884096
27.372640955745922,93.04429353579947
30.469124536161782,88.55768072030955
27.703278232496984,84.1589305495657
32.10257140961185,79.35290594372566
33.1595496291537,72.37289200481464
29.398674859809653,70.14343876033749
27.066427755096065,66.65443136067843
27.719173487118397,55.42684591067703
31.593111079076152,53.48851896819427