-0.6309707679329742,151.04235758820485
35.02697508864029,142.04761349866376
28.71441783439647,135.98734106502312
32.24430589681918,133.28796110162628
28.67474873565227,130.50191938210355
26.84683406935262,122.89631416210048
27.187509625450463,118.12812719239234
30.836370637506953,115.42963896347085
26.243880883020523,111.50523296599735
28.979180541927597,105.66179669316374
29.806874157074848,99.22150320684129
31.642014930776934,95.92128068873568
28.28701670702332,93.30187588878576
31.972202573425335,83.99488641132345
29.00017716619763,77.91274505289003
27.6917616309287,75.73498952733362
32.85058348740603,68.60109618259254
26.64552615857654,64.5615897494482
30.15052188494385,63.20049223634717
30.076817297064228,54.027413261356244