2.3756768634021603,147.97478766073232
30.697225148956235,140.9529347688299
30.65456080482835,140.95456101091298
25.340688585405903,135.2847817935434
30.348873699542228,131.93757577510468
31.396194076384496,127.26935697497646
32.01912328149815,122.63516008491895
27.436961201272158,114.32105277469462
30.218379191585434,111.8193043434676
29.20244410376047,107.24889269086451
27.975579995989975,99.18329744427109
31.705827180904414,95.61433912923391
28.705703549620775,88.8576497996848
29.037848175474217,87.05936676261342
26.901445106002875,83.49206003726476
31.35201865371996,76.48667315710512
27.633964128555853,70.91197632367704
29.61874503098285,64.7583236410865
32.62829936451855,58.9724901268483
28.2850221936364,54.2270298065591