3.212586413688429,153.96017388459586
33.69995124937032,144.24697099534032
28.73844113173987,141.33456120154773
31.256661396073863,134.89985961949932
30.484787059164287,131.0124196271789
24.52385283120488,126.89346516747126
29.762164925849586,119.75522690329302
27.195607700001894,114.37802349519387
30.207974235918947,111.6371228999148
29.377208215762092,101.67942055269693
30.289335974642785,101.49396177310092
30.014224708865722,90.8483934755636
30.106503941903416,86.07364504653992
31.591324768381476,84.17482506076111
32.08214341186083,79.93003111908374
32.03161685630748,74.97560475608536
29.873959635796364,70.87097964069127
29.924101430018574,66.85765280529978
28.769648061168752,60.36898687541006
31.472903503036886,53.05519290450151