1.657243967134181,151.94824023442172
31.43421860828167,148.33292827394843
27.699715328968985,137.64519087626775
30.42900115397985,134.86144645270116
31.057378874877138,128.00138193606526
33.75164742213144,125.4147816691612
29.75396531361269,119.19999943345732
26.275766617561953,115.44967294449339
30.51948771085578,112.69864058664041
28.81469372220312,103.60778073609154
31.82006649435326,99.06042909109958
28.62104665300497,95.01983032075348
29.74973461428525,90.1814961128545
27.286113464962632,83.36284360386308
28.84766905603574,82.75959768263003
31.62219129218866,73.90586946879408
29.518157322080974,67.7123369466835
34.187120342730765,67.86957975855492
27.81234936717038,59.064798559499735
32.88336178401732,58.50752581940376