-0.5822245571097133,149.21284758177302
29.94017166201592,143.2966626096737
30.617772991467785,138.84893781209422
27.302557649961496,136.54160383459492
29.977806343288982,129.83435101634637
30.656257253003922,126.6932391673943
28.76146263074586,117.22871977354254
27.597530302958205,113.95737710961225
30.840007687390163,109.81896929272945
28.699832866467887,107.65388851235028
30.485563760285523,99.80598290690456
32.67978711610189,98.85521231369594
30.05580874444943,93.74679870485936
29.342721929967595,85.82514718556307
28.72012580677,79.92933115290592
23.238008171057643,74.4831187663776
34.228445563327696,67.3656199288287
30.329806003128883,66.5046032633618
33.00966250070844,60.303472085972075
31.541652171630638,55.565136872984986