-1.1417353307433482,150.94753919421103
31.149048342920885,146.48385149461114
29.557097705964935,141.2197712514032
28.949762675729918,137.6906697073928
33.02139117205295,130.87008423382477
27.878918576450545,125.75000805880127
32.438224522667575,117.69938074446412
33.413748148342975,117.13138020977445
31.966175310862948,109.76722314094408
32.41944751773996,105.15511580253643
33.67117287692282,102.6830487602496
31.53715848300841,95.36834875085643
32.43858346886316,92.50521511630305
31.784607598788423,84.50641635269079
30.082108519232303,80.14424479889512
29.57261207435934,74.23441144071052
29.153077790842808,69.21422385901187
28.716886779221287,65.33497501275377
30.80342599491115,58.50518149227186
27.04244918013666,55.752041390916496