-0.3977300681068399,147.94858176695573
30.772562330994045,147.21863209393737
31.259922993766644,137.15636308847616
29.58554350323621,133.2872415371893
27.848286876999396,129.52820080895444
26.069366376331207,122.1920809136191
31.51624585438265,116.59017028305432
31.990851366062664,113.61417534068119
31.267687704976716,111.2996832179635
31.073047013707725,105.08375973582805
31.45827814872896,102.47077204818422
30.555986868338685,98.99916564332436
27.324275680266098,87.65813350194571
31.791900839540492,85.9366961638537
26.157308559482427,81.55213617000709
33.38894657311053,77.64291479699527
30.910331636736732,72.70738510501974
32.294278845279194,62.7709342149943
26.7701105792188,60.227070195147824
30.345516094659295,56.12224012504556