1.3702695547029624,150.00971073116054
31.001095084191025,145.92838902993816
33.943623649028154,141.93897584534093
27.848661823170612,135.8030658512039
27.288513167062344,131.06149459758336
31.954446951538593,122.94631568006449
29.995949088902858,119.74780869992124
27.142694244416703,113.43355113992922
33.07444393430102,108.6548205383521
31.60463529988657,99.64942826618245
29.89270250050514,102.02012895200785
30.862233150678538,97.2299004803532
33.7320905216425,92.2685648493184
28.3144411088851,84.93376422661369
30.918940403737192,83.56134921229605
30.129824530622045,75.7535018518582
28.472892466333697,69.86654583615766
27.91847775481159,61.774319586814286
31.33410945738873,63.22208630497068
29.416818955292204,54.98349454710909