2.974467900606373,147.9729117667174
32.247346568328744,144.1047767116969
29.758320769865726,138.78261119261722
29.01626695910676,133.0591376979302
27.883694380697776,129.36245182230064
29.324017346722936,123.46654120722297
33.808167496960486,121.55637524495404
31.375117820199474,115.13562753490326
31.17557863303863,107.87139123188103
28.955753385043383,105.48080318654156
32.16847398519567,100.52034528482439
29.15792766703335,96.92637068901851
31.719914081297308,91.97085979116783
30.726433903202743,84.44028465758208
30.021776843169594,80.66752891841695
29.273376590812422,76.02360414101267
26.3483600160814,68.08370698563496
27.9238756693492,63.55212235203096
29.997186670237795,61.66443987121508
28.08888727813823,51.865988141207126