-0.30457217049383734,149.63149799559767
29.264447579623877,143.50079369733746
31.566647027655122,139.35572485943084
32.86180592313493,136.67766358063605
28.016591164456095,130.85840016312466
30.246330898388507,127.25374583963604
32.560701715205944,117.2195994034214
28.104762591022556,115.94466237358372
27.535323631327145,108.32194368836825
30.47977536422309,106.26944566261136
28.681687437590675,99.95668623538131
28.301402728849226,93.9949192698629
27.631039254700813,89.53740326076492
31.89006759773426,87.18683401052219
27.695891665964357,85.32819980468577
32.179443383571204,76.12588759354198
31.69605218266369,72.86132186972341
31.545377572669913,65.52840283284431
29.97530593265949,55.18335774593885
25.752337103929023,57.31923242767746