-1.516541275144542,147.1074348559461
29.021018056272172,146.02248825741086
30.389960379564233,139.31340805181912
28.43044974127089,136.34730179269505
31.784640478418286,130.21831914980635
31.376995652025265,124.60448676328849
26.13899400992281,120.83054635789834
30.958211850938454,117.30795704549418
29.031648308649984,108.57093674753466
29.891214121322857,103.90266106953537
30.116500706012605,102.03503516812357
33.971591957127146,95.20990492451175
32.3704928226827,85.40826460970004
30.360660290521228,84.30061503952433
31.78036352720984,80.18172216928755
30.649551668693825,75.91192928954116
30.026269703917517,69.44133545888543
31.085421341240625,68.64169065295316
33.69209876168291,60.01817742062889
25.751142857620643,51.3738365645223