-1.0082647697987634,148.03498085331768
30.1815782679211,146.07436236409188
30.39853168144328,140.31261714921803
30.238573087214295,137.42971813051884
29.127497973494847,132.17360380538526
30.28431218126984,123.25947780553605
31.316943999644433,122.0846019105896
32.99929371054494,110.32893492624089
26.90301836851504,107.48759694359097
29.186636025308886,103.57642532162951
29.860224742292882,101.8825880897926
25.729440669900754,97.08962556763235
29.433733324745262,87.58081093095639
31.855238846091794,87.61623574876918
30.502257838970955,81.274112638106
30.948924209251047,74.1590624343335
33.952137307792036,73.38085780625028
30.12937704293758,69.23032279222296
32.97674891803328,62.07780369605693
33.86682387435425,56.063255205054574