1.9052444075361998,147.2263796567544
30.511294934004745,141.75454937271542
31.037458927056655,139.75609628650332
31.644862317175026,131.19517735387075
27.85197881638848,127.29920754666747
29.875307194816255,122.97444406810845
26.08695318219771,120.55603149033288
32.97792685105847,113.77002776480877
30.412492179340877,107.80843274450024
32.8003724861596,105.01217157040439
29.17439253041541,99.38924486474404
29.9174221660694,93.57089486680738
30.59576759900414,91.43001259035957
33.15135553363893,85.41635376651776
31.865292671029838,79.57455495778005
27.730964811456424,73.96399903723616
31.369161742855074,67.21560937958009
31.584149105226,63.73235765582567
32.9652735965407,58.598092786195195
26.41214156101705,57.65147845052057