-1.3191343013159258,148.7733130053099
28.04640690350366,143.58322763090834
28.88929307690457,142.26666022709455
30.338701664342423,135.46527041100518
31.94300286615501,132.72479842389254
31.444972678770895,123.91317561046827
32.81417232746649,121.70668591882232
31.648830348385037,117.62677327713138
31.542878074362875,108.11011648406789
29.95740737714199,103.87350774073685
33.11585712720386,98.23458035280309
33.35359058652036,94.93648757081664
29.250824898516516,91.32514259137669
32.78661629638256,88.88217714403034
28.129608301525753,79.8307431659364
27.59757698080807,72.79536242643795
31.559336953306428,69.10314076274283
29.928916212418805,68.99451209088798
28.344788522423062,59.50048637231242
29.58976255654496,56.835288151681695