0.08178790353982929,150.393107890468
30.31327278124403,141.68763075439722
28.85671923341032,139.86305993037857
30.581020542990604,132.2433061054094
28.907301780765184,129.57403708622667
31.780641991745618,121.70097649364794
32.27262279921038,119.30779691592463
24.995390583771407,113.51684787994792
30.068786421686177,110.71341634493571
28.879149885011856,105.1591719957894
28.261924703996346,101.77324117785396
29.572665091595795,92.18145629481008
25.597619804336247,87.47442743644261
28.960547570364668,86.28238044384715
30.86923798651962,77.96075825458188
25.879014666209283,74.35353594647017
27.17714550728394,69.64404774322644
30.111021678555215,62.83748044400274
32.84396055174363,59.173719358226364
29.863753776730668,55.33904500420808