-1.4920865391732612,149.69627092015384
30.006807758658923,143.80219825194436
31.127068992680197,142.30773996641835
29.52837982961882,134.98119829188158
30.678329768398644,130.73779763235234
24.198830617543592,120.27575579872999
29.071872179918802,116.57381290236307
27.760288670859687,116.06764812111791
30.166859094752127,110.46524038945861
28.805379496594202,105.56414600911204
28.446925453304907,102.39548339932705
30.294518315820586,96.54163019269144
31.566166202898295,90.17889040688475
31.926893261204995,81.21270924990083
33.095870806228895,83.16869810960954
30.35801985234426,74.86284590257338
31.41050856038881,70.06550979368308
28.90764429089468,62.12286247036609
28.15068008849411,58.64073945424514
31.610819112818614,54.803516181389774