-1.6983666339166812,149.87822408175882
28.440857250235016,145.96751751129023
32.76680908489297,142.27245771458024
29.3054018797918,134.64117391475762
28.553702334085404,131.1554415978684
30.43920601595007,122.2535899578235
31.337966260144505,119.44616033222154
29.417990104269197,111.63591961313128
27.9704171066109,109.73005292391719
28.864945962292893,104.05172850799796
31.26091509493555,99.1056430748158
27.38482162846715,95.60257932640674
29.262581222133015,88.40325735696223
24.913062233997575,84.85197564135251
28.66392236299685,79.0743392722158
30.982853441699664,74.07638573791031
32.02682517609161,69.79125159751172
29.90441574255297,66.36090884425356
30.957656406661314,62.763639097556464
28.194437693288247,57.108209911458175