-1.1989442858377506,152.36171191782785
31.412537548588435,144.98049847575484
27.377357366135698,137.883930777926
29.806197324447336,127.22212106560117
29.609359857410535,126.63767220189887
29.820523742846962,125.8266316199231
30.224641923903715,121.20219032965534
30.642504490696407,114.97543852160601
28.740533570791058,108.66438403410642
28.48483606996676,106.04792055718836
30.55706270068999,106.3403893437682
29.07188094580795,93.24705056811818
29.01214085617426,89.83837206160722
31.316049917009316,83.08328395833934
28.43756981528889,78.34446264977223
29.373933655352,73.65832427480713
26.617303228804115,73.18841557475973
32.261619341273104,66.00033554109021
29.23681380812081,57.8583075220996
29.236582206649643,60.88167812960677