-3.1841056512912402,151.09896873203056
28.780350303436094,149.78020592533855
27.476005576996656,138.74207514853202
29.449701247032873,137.43742790163793
29.709799926886337,128.0981918584696
32.63357897170841,127.89380599411356
30.159641661137435,117.72064467281119
34.09071933440838,116.54892882796904
30.414576015803313,111.23587416160122
27.35679941004633,101.96633130780032
31.844443367219395,99.08382625321492
28.034825539792674,93.45141702917462
29.73916768416542,90.91605891138983
28.007501567397895,84.9867125516525
32.13507806155111,79.20193006703053
31.519428143939685,75.45800313701939
28.280314295655746,71.15343492118522
32.29734895004712,65.69270707655633
32.09962814035666,58.774353508869815
29.45117588000314,56.246501003580285