0.05954090966098283,148.46298305447402
31.591366328944233,145.9783979170881
27.803327493381246,139.23668691679845
30.86407351936526,134.6705825709481
30.151659477143703,129.16815450142838
32.734079618965765,122.33209446404031
33.83303149834509,121.8479334041956
28.628369470871018,113.86978436575684
28.018494331118944,109.60227068522092
29.837292948578792,104.66615973431695
29.238239556614047,97.09830424262886
30.58744020724841,94.78914305178932
28.53617731929563,93.22688296872353
30.751770118248427,85.29920161981225
28.41271633104534,81.33465384271231
30.279248573281485,76.99577909873078
30.128825000152023,70.47660373761396
28.104334816306913,65.70905678830115
28.217685788110696,56.65200873207519
32.07821531967027,56.94650440288679