1.4442074203244573,148.16213930622203
30.692300187688762,144.33655126058613
30.756658088277447,139.08868484381154
27.46194653724584,135.92711386979133
31.732990686277756,129.3125243717656
26.5686655538972,122.8401212609596
26.665290466246862,123.72816795214919
26.253824818800776,112.5398852801774
26.280994706661975,110.83296714314518
30.799502250163407,103.49477399609908
29.43110792623949,97.75429392870555
27.327337208729098,95.89186053326928
27.826180348296464,89.59924466418963
27.926679576968215,84.09151921435493
26.60042890976808,80.461849603209
25.96503018670915,74.44327980666623
30.61371340819431,69.67033566079542
30.816927703298468,60.67203418826516
28.194581210993594,56.98114233925945
30.96524806567797,57.37283534084344