-0.7651386622893054,150.7920037174444
27.024321450600716,142.52098143640097
27.309687673233636,140.0717656740329
33.01552028403361,132.90586519146234
30.39551043346833,131.08204896873806
31.305047857480883,125.38840726752522
30.237133388755613,120.20433914205039
33.72245364341527,117.3667155110806
27.8868831142676,112.12811259042131
30.61155121466254,104.76931010996748
28.988769601027357,100.44854525626708
25.94120146762223,93.97133023895113
26.55883216478286,91.8447297491783
30.25196063436526,83.51330876241717
31.043102243605315,79.43755256032594
29.427155762062885,75.04099989340568
25.506861775380127,69.60307849002089
29.90447419148979,62.339744494497616
27.98454983680661,59.11011412961485
28.976005904245554,54.58172756636368