0.9054325586416754,151.88483644693085
30.504993362420816,140.88446060350265
30.12161062024481,139.2158394816424
29.10216459044605,137.03156814361103
31.924157829803935,126.7016986033763
33.187263761382646,126.92285134433318
31.0034710352882,120.73313978770638
31.78340227296547,117.8776896833356
29.622094822078378,111.78227333131923
31.61308625400479,105.11566364179048
26.964622790267807,100.75430655752953
29.0061732876916,95.17574982988707
27.41761153794163,89.47003595224005
29.296614490635015,86.37652126147131
28.875519670520244,77.27440977370014
28.40435824476262,74.2197462009853
28.037930363308774,68.66998811510709
31.05434326298536,65.05953527954817
27.573595045539925,60.41557376001953
32.95717442584781,54.86969069096054