-1.3448684781672442,151.51724212839247
28.129609163654408,145.07092890602053
31.400930373529395,138.22259339140996
30.261977612466502,138.79961748469955
33.784835289487944,131.45139893420185
32.145614141659976,127.80347149771431
32.670488445065764,121.57132890718022
32.04369273243009,113.6032028569653
32.9719892730133,110.4823287534478
30.453495067953483,107.59720692644647
30.607449653088192,100.11724386216692
29.828406710014438,95.45580459779195
30.02362866386348,90.8975439441673
30.173907361807856,78.27060749831594
27.484516306105085,77.41367787033576
30.007272084777476,72.80192086733746
29.852390323952633,71.47197855238015
32.26634797240131,65.28762562228772
25.62118272663954,59.90135534731445
30.55320026376583,51.85206337675239