4.374695194906565,150.70596767659868
27.283781682941527,146.4479405104881
32.48484493398732,140.03846413521302
28.71112895738722,135.04316636979652
30.97122105989757,125.60566692803884
31.260636979903918,126.97961189551361
29.23391281518231,120.80925517043559
30.698920403098008,115.57039718885824
30.188481768180292,108.170664729647
28.580521149335947,104.48769524225769
30.338973100407483,97.78752603742407
32.60372178958613,94.64392852746546
25.313588610116234,91.72689236140008
27.95577709469225,86.37061478206488
29.787441230475398,79.0950523321754
31.018757840273025,75.73119044916041
29.96101336731917,67.64141228039209
28.048653405998085,61.54005246881122
29.918921403354815,61.194548691039195
28.11894033408587,60.15982415798073