2.0419151890242784,149.00158595962444
30.854111193702813,141.09869974604553
29.855770471298047,143.51660642778356
34.29386431850133,134.68216623219593
35.27970301107678,130.16911447142982
33.13413655994615,125.46563843441872
27.036574730499012,115.79538959661662
29.037034802579793,116.54356124709882
32.34799327439718,107.17970075245772
29.27015683141901,107.5744941315831
34.140546563281056,98.43889449065489
27.189325848798056,92.77562080923717
31.018713155128285,90.87931262577578
27.855458912875633,85.24222532171137
28.878684968670534,84.61402229892131
28.691431352949152,76.3389297731641
29.099400878487476,67.72250367397918
25.371949061768014,64.30097233903479
30.943662587097137,58.45913104095819
28.52375123268504,55.74376196000222