1.7882583783912789,147.06621081992847
29.29528435481156,139.66443859628873
30.124460359408484,142.97195113107998
29.947147300641202,135.30220882963283
31.27161298953874,128.05702155668635
28.78476932328224,126.47534014851085
30.546875059259353,122.09401518617166
29.31870389683662,115.1897230540759
31.163288361979586,114.44644169690811
25.470490097440653,106.16162775008937
29.55502911841501,96.63645079986013
31.80850725716799,93.80345166315803
31.499330522088915,86.92818425867092
31.796819837967067,83.08438055424458
32.1265850244866,80.66180687602271
27.967866987312917,71.45910169042656
29.309148604408556,67.91853239969652
29.487299477255085,64.58740863034971
28.944044360139976,64.26322410181972
29.953421982505866,55.86285724301313