-2.4038263401049718,151.99875402879573
31.62411966234496,143.63488886348193
31.08865518468502,139.83732854613854
32.20411395135177,131.87094269317703
29.705604055258174,131.43652123006535
27.44234456075712,123.71448761592254
31.751321206648683,122.62277869935292
28.593113342189234,115.39755368337548
32.52458731052343,111.45716509732182
31.882738258240135,101.23322940373261
28.939812778204196,100.83937748103592
30.70626217436176,94.3891630541593
26.509974215747825,94.0013451371791
32.598465824915756,85.85726464746216
29.30829689427898,80.4146334634626
28.290110683398943,72.99310658904896
31.485084147652557,69.76614648270231
28.9847030665981,69.29761967812443
29.202922756888736,62.320227542380486
31.031603126815927,54.470793145237316