2.148318135665055,151.3578402534402
29.45490739653531,146.3663572083966
27.132893929393205,140.815151695801
27.71358557051818,133.8016008900183
29.985318478327756,131.97119019366292
28.40073162368729,126.7356404240795
31.95347106182824,119.03831100296784
31.1706095330946,116.27384287863545
31.533829828002435,110.40637646142065
29.676789047096577,102.91034701817989
31.345115219671047,100.62773088777348
29.775153738869427,94.31314309089554
29.759396837268365,90.21083289858491
30.64599175905795,83.79588030458459
30.93923835180216,78.70412728065692
28.05746790438688,73.67265853262688
27.67689307517305,71.72952967926963
27.295476849049052,66.63872015191251
29.93363479770677,60.65083847749937
28.32100768574741,57.83925095817942