1.152240819007175,150.8874485727537
31.60145878853338,145.62243978621615
30.177154680170798,139.2631004610094
31.980345841824494,134.40787997956897
26.95736815041988,129.93018701627526
30.34283806027194,122.9618269597421
32.666044016656336,122.3134235608997
33.84828762051307,111.9542947766026
30.53086063909404,110.90734656200426
28.26775155273794,102.52080087002255
31.72677693426706,101.43234506517149
29.812836571080524,93.92423849842764
28.579158190437123,88.27703755029593
27.27327760938385,88.9279719624084
28.389548643723046,79.84781615614361
35.020200440895586,74.70006773078786
31.081296087968425,69.10171710542198
30.233412755318778,65.71509570922643
30.98803681405082,60.18601723039558
31.168902187073535,57.28489501890984