1.9884036339109992,150.60214254550334
32.05067652025045,143.53346804802916
31.195127308654698,138.31459482195095
27.857873248588096,137.409343234778
30.688364801777215,132.38551549649938
27.91533185966514,126.57323626332463
30.404904798876156,121.29034836903172
32.15734339861063,113.46572525859746
27.928436075891334,106.33909438571688
30.356056321963287,102.47709997164797
30.561988485838047,100.03085672667287
31.387159095731157,96.26956333484017
28.409267190317596,90.08523459442723
34.36769917848858,84.8348128550376
30.633448884356028,79.57003339224127
30.201606992514574,73.32637543052113
30.93796586649047,71.15789871964975
28.550343742560585,66.0390286410354
26.33644089959793,62.158377326417906
29.65333921872407,53.7195096968416