-2.179799578292043,150.3126175679463
31.332860401267737,144.56505107362227
30.62048260652185,139.54667830998335
27.66063820350566,131.881750626152
33.57854677312069,127.57218904730432
33.621023629094175,122.99804251739053
27.82009853814251,120.6476705200454
30.964420112924714,112.58205703939393
32.06236982166517,111.55095904396303
32.38367249525281,102.88668252110726
24.861607294005005,100.17761034519917
30.88848321971033,96.0289487925965
31.702387523068893,87.49047768920705
34.73519673872187,85.6440829555518
31.119289234769255,81.14189405163634
28.58135977592169,77.35537235252397
29.301285196640517,68.44695790389065
30.47255240526188,63.38261953182249
31.985742182764124,57.2617843369483
30.553691099399114,54.00378924175516