2.172505867947326,151.93725997063552
28.474509080131526,144.74590254434773
28.869939991703504,140.58536298372223
29.0800370294667,137.8501674900894
26.98289686434697,130.95985214266076
32.85938697671636,124.20502709164256
33.455543115441664,116.77149392445305
29.044246664366483,118.14965832681013
28.40373149024493,109.73382655129618
30.25504232737077,103.75833568990605
32.829568473768404,101.82984706724477
30.470297662840732,95.53882353280812
31.69858044136768,89.12585576235031
29.552801119043266,88.29698670436333
25.95133224793501,78.67876450332815
29.31156187213794,74.84601927943538
28.752562020855393,69.65828802919789
30.420518039060937,64.92738594708453
30.71879648845671,59.01443873010837
30.348848448754307,57.90259936631043