-2.0108528141197217,150.18694827635187
31.883643984062893,143.2211554573559
26.40068647145619,142.8008288447036
29.201566815241012,138.77845898721023
29.40543129571062,128.54165954594257
29.67627114989633,125.7128009753158
32.0709826992603,117.80560205855087
31.37215435901406,113.86181841352779
31.500520256247196,109.6602577734369
31.648732739174257,102.56705800438054
29.34519942788509,99.28461005825123
26.03195978472423,94.73840669645658
30.34724031880871,89.31837532601092
31.069561721944787,82.97227495840433
33.668269566374214,78.72698380126076
28.018249086600612,75.29480583340215
32.61989405251801,70.99428393041124
28.96374799488237,63.963790645518934
30.114121327040365,61.17844835593868
31.69434085061087,51.17150415052031