3.2870219425718172,150.08327056580086
29.756249167678668,145.983126288596
28.40747841944352,140.81390898351464
31.583317231760674,137.1337619298254
29.666054559856992,131.37838944877907
30.612704456839154,125.19642877992604
29.853000748178047,119.78818907617746
29.322069196874473,114.66487715886593
27.761080778373923,113.00313122635389
29.111919832251093,101.10383646891533
31.939001028889862,101.07560609651905
31.761587961800267,99.85018687699561
27.88486536552144,89.91406965269412
29.797402154546496,90.6808415314153
27.962649629067915,80.27194896480854
33.238549346704346,76.42120473285898
28.720210844007024,69.58676365909282
28.86698844505506,66.38685079126913
29.23222057113411,58.819847130289716
32.91320317597025,58.655312148091504