2.06153711110686,151.9896189167785
30.908642526842023,143.53904453462118
32.352641664948784,140.28007940043634
29.532677948465757,136.4872170558518
27.329989017974373,128.48344782965472
29.32909712230694,125.16990749076587
31.098512934177904,118.48557237586782
31.56819525876157,114.12278427702807
29.84734504734976,110.5920005935295
33.080883816772875,107.54970040167167
31.734095643342595,98.73430771871853
29.262566593525687,93.86530066987818
29.939811084133975,90.98650294055047
28.890687056272654,82.86760103682052
28.380074344603155,82.02179791945193
28.2412675337393,75.89030887305512
29.295004434537873,69.057136044688
30.233897584747083,64.09490812590518
25.298103788589437,62.68384422812377
27.104967462712427,59.213924240119994