1.9679194349511295,150.77373299798685
28.42117895209448,145.25069942758083
29.706827651456056,139.70280108515632
30.54240106540647,137.39656775434025
30.295815513663797,130.2557316788905
29.76159217284642,123.58862890700415
28.658987730779142,117.77110718773675
28.59235756964163,113.4149873209182
29.648861176633417,102.99180367378938
26.108831898043427,101.30131459506309
29.764015790525143,102.43767543845907
29.442621451208737,94.89173191077263
30.292678383114954,85.7145651002188
29.774107952446958,82.99023972481041
26.413858420308802,76.68406054701738
31.123451986691247,73.71927212984686
28.526897553154697,70.807835439452
35.18044769212949,65.34279898989398
30.43294180267212,56.45361194784304
30.158675541222884,55.41142473281562