3.700152416583496,153.17059287474467
31.550758599283586,144.1403381429245
27.871886008473194,139.15712395041882
30.784240193275767,135.84732985078773
30.38355782395889,129.7144063124347
35.0785397070118,126.24529609939498
30.340035315652838,119.87555315280697
28.203319769183885,114.10067973337605
30.728132428474584,110.39672703211795
30.95779255976884,104.69552920941472
27.063786481479806,101.22821341864777
30.94588897374341,94.62507331646206
31.612407549591772,89.85432157473791
28.456325535936898,82.05381809249869
33.18831694963959,78.13600005459602
31.00116913471976,77.8219904030898
30.673832212886296,70.32448003283636
31.069673965872774,67.96558683077782
27.544574938358814,60.12012767135568
29.730884537289796,54.31314435485169