1.98045092282391,147.7946233085137
32.52183028996907,143.9027584330213
26.90477235900016,140.4667977259525
29.367596682577084,134.78923722947073
27.85925990109116,129.6947219386846
29.90522793315629,123.15642041338053
31.251374161967505,119.07667463084415
31.589468636750638,116.36408640127142
28.527972378451913,109.5169577846327
28.446694914056618,104.9815561389346
29.321976276972627,100.12941417524755
31.958702192564722,97.44437839118736
25.708877404040503,92.96261353731806
32.75690500828831,88.87093194903234
27.952560387517106,77.80502744594334
29.787249625178383,72.84672534649704
30.822749774287487,70.38765484930536
30.348890501703906,66.69151044714985
32.701546578513806,62.06354692309314
31.411518788656934,57.36985186595976