-1.385732201448839,148.2977683035675
30.002674288138557,144.1082565571903
30.441488133782645,142.81387379915884
30.665352847002264,134.45174750399784
30.446235486485836,136.61541193198948
30.020096703062624,126.4509261446776
31.332783533878853,119.04689473817619
32.5218960801725,113.49709038992017
33.21285028799161,110.14078497442515
27.179287899659414,103.54240175650861
24.54374357412592,102.58363788181774
26.394066205192466,94.30242808144436
28.91693546962114,91.91553431749425
30.010986659556195,81.52556053276912
34.21765699809954,79.7395723306757
29.185287300107667,77.81822474262971
29.330311532288594,70.31234257784757
28.483072597930548,64.00297365895884
27.227094131401557,57.079114459634155
30.213092033608156,53.08182789797594