-3.710016995979405,150.60213081041456
33.92347122141655,143.7234829278398
31.00673689274296,141.10732264013905
32.458609510602685,132.7855857159054
27.63262313074886,127.48566894019508
30.13728335775617,126.68893216553893
27.117188149101295,119.36764967119537
34.05836991830878,116.68184730866176
28.67500995132948,107.77347950937305
28.543888880741562,103.78599526241757
30.19315703874274,96.79925008452084
32.34252044034658,95.24679600630868
33.17538157816125,89.62408540557263
31.178778369315697,82.30816694922237
30.248049713100375,81.38402612799928
32.007220762590165,76.08753982316155
30.29923376822449,68.54849050084006
29.571211527370586,64.68422812114225
31.164519492100222,62.41977366313758
25.80065996870989,54.76312289996306